aced 0005 7372 0018 636f 6d2e 7469 6d62
7563 6861 6c6b 612e 4c6f 6361 7469 6f6e
9084 b090 afee 8ae4 0200 0449 000a 6c6f
6361 7469 6f6e 4944 4a00 1073 6572 6961
6c56 6572 7369 6f6e 5549 444c 000b 6465
7363 7269 7074 696f 6e74 0012 4c6a 6176
612f 6c61 6e67 2f53 7472 696e 673b 4c00
0565 7869 7473 7400 0f4c 6a61 7661 2f75
7469 6c2f 4d61 703b 7870 0000 0000 0000
0000 0000 0001 7400 3559 4f55 2041 5245
2053 4954 5449 4e47 2049 4e20 4652 4f4e
5420 4f46 2041 2043 4f4d 5055 5445 5220
4c45 4152 4e49 4e47 204a 4156 412e 7372
0017 6a61 7661 2e75 7469 6c2e 4c69 6e6b
6564 4861 7368 4d61 7034 c04e 5c10 6cc0
fb02 0001 5a00 0b61 6363 6573 734f 7264
6572 7872 0011 6a61 7661 2e75 7469 6c2e
4861 7368 4d61 7005 07da c1c3 1660 d103
0002 4600 0a6c 6f61 6446 6163 746f 7249
0009 7468 7265 7368 6f6c 6478 703f 4000
0000 0000 0c77 0800 0000 1000 0000 0174
0001 5173 7200 116a 6176 612e 6c61 6e67
2e49 6e74 6567 6572 12e2 a0a4 f781 8738
0200 0149 0005 7661 6c75 6578 7200 106a
6176 612e 6c61 6e67 2e4e 756d 6265 7286
ac95 1d0b 94e0 8b02 0000 7870 0000 0000
7800 7371 007e 0000 0000 0001 0000 0000
0000 0001 7400 9759 4f55 2041 5245 2053
5441 4e44 494e 4720 4154 2054 4845 2045
4e44 204f 4620 4120 524f 4144 2042 4546
4f52 4520 4120 534d 414c 4c20 4252 4943
4b20 4255 494c 4449 4e47 2e20 4152 4f55
4e44 2059 4f55 2049 5320 4120 464f 5245
5354 2e20 4120 534d 414c 4c20 5354 5245
414d 2046 4c4f 5753 204f 5554 204f 4620
5448 4520 4255 494c 4449 4e47 2041 4e44
2044 4f57 4e20 4120 4755 4c4c 592e 7371
007e 0005 3f40 0000 0000 000c 7708 0000
0010 0000 0007 7400 0157 7371 007e 0009
0000 0002 7400 0155 7100 7e00 1074 0001
4573 7100 7e00 0900 0000 0374 0001 5373
7100 7e00 0900 0000 0474 0001 4471 007e
0015 7400 014e 7371 007e 0009 0000 0005
7100 7e00 0871 007e 000b 7800 7371 007e
0000 0000 0002 0000 0000 0000 0001 7400
8a59 4f55 2048 4156 4520 5741 4c4b 4544
2055 5020 4120 4849 4c4c 2c20 5354 494c
4c20 494e 2054 4845 2046 4f52 4553 542e
2054 4845 2052 4f41 4420 534c 4f50 4553
2042 4143 4b20 444f 574e 2054 4845 204f
5448 4552 2053 4944 4520 4f46 2054 4845
2048 494c 4c2e 2054 4845 5245 2049 5320
4120 4255 494c 4449 4e47 2049 4e20 5448
4520 4449 5354 414e 4345 2e73 7100 7e00
053f 4000 0000 0000 0c77 0800 0000 1000
0000 0374 0001 4573 7100 7e00 0900 0000
0174 0001 5371 007e 0018 7100 7e00 0871
007e 000b 7800 7371 007e 0000 0000 0003
0000 0000 0000 0001 7400 3b59 4f55 2041
5245 2049 4e53 4944 4520 4120 4255 494c
4449 4e47 2c20 4120 5745 4c4c 2048 4f55
5345 2046 4f52 2041 204c 4152 4745 2053
5052 494e 472e 7371 007e 0005 3f40 0000
0000 000c 7708 0000 0010 0000 0002 7400
0157 7100 7e00 1d71 007e 0008 7100 7e00
0b78 0073 7100 7e00 0000 0000 0400 0000
0000 0000 0174 004d 594f 5520 4152 4520
494e 2041 2056 414c 4c45 5920 494e 2054
4845 2046 4f52 4553 5420 4245 5349 4445
2041 2053 5452 4541 4d20 5455 4d42 4c49
4e47 2041 4c4f 4e47 2041 2052 4f43 4b59
2042 4544 2e73 7100 7e00 053f 4000 0000
0000 0c77 0800 0000 1000 0000 0774 0001
4e71 007e 001d 7400 0145 7100 7e00 1874
0001 5771 007e 0018 7400 0155 7100 7e00
1874 0001 5373 7100 7e00 0900 0000 0774
0001 4471 007e 002b 7100 7e00 0871 007e
000b 7800 7371 007e 0000 0000 0005 0000
0000 0000 0001 7400 3759 4f55 2041 5245
2049 4e20 4f50 454e 2046 4f52 4553 542c
2057 4954 4820 4120 4445 4550 2056 414c
4c45 5920 544f 204f 4e45 2053 4944 452e
7371 007e 0005 3f40 0000 0000 000c 7708
0000 0010 0000 0006 7400 0145 7100 7e00
1574 0001 4471 007e 0015 7400 0157 7100
7e00 1874 0001 5371 007e 0018 7400 014e
7371 007e 0009 0000 0006 7100 7e00 0871
007e 000b 7800 7371 007e 0000 0000 0006
0000 0000 0000 0001 7400 3559 4f55 2041
5245 2049 4e20 4f50 454e 2046 4f52 4553
5420 4e45 4152 2042 4f54 4820 4120 5641
4c4c 4559 2041 4e44 2041 2052 4f41 442e
7371 007e 0005 3f40 0000 0000 000c 7708
0000 0010 0000 0006 7400 014e 7100 7e00
1d74 0001 4571 007e 0015 7400 0157 7100
7e00 1574 0001 4471 007e 0015 7400 0153
7100 7e00 1871 007e 0008 7100 7e00 0b78
0073 7100 7e00 0000 0000 0700 0000 0000
0000 0174 0078 4154 2059 4f55 5220 4645
4554 2041 4c4c 2054 4845 2057 4154 4552
204f 4620 5448 4520 5354 5245 414d 2053
504c 4153 4845 5320 494e 544f 2041 2032
2d49 4e43 4820 534c 4954 2049 4e20 5448
4520 524f 434b 2e20 444f 574e 5354 5245
414d 2054 4845 2053 5452 4541 4d42 4544
2049 5320 4241 5245 2052 4f43 4b2e 7371
007e 0005 3f40 0000 0000 000c 7708 0000
0010 0000 0005 7400 014e 7100 7e00 1574
0001 4571 007e 0018 7400 0157 7100 7e00
1874 0001 5373 7100 7e00 0900 0000 0871
007e 0008 7100 7e00 0b78 0073 7100 7e00
0000 0000 0800 0000 0000 0000 0174 00a1
594f 5520 4152 4520 494e 2041 2032 302d
464f 4f54 2044 4550 5245 5353 494f 4e20
464c 4f4f 5245 4420 5749 5448 2042 4152
4520 4449 5254 2e20 5345 5420 494e 544f
2054 4845 2044 4952 5420 4953 2041 2053
5452 4f4e 4720 5354 4545 4c20 4752 4154
4520 4d4f 554e 5445 4420 494e 2043 4f4e
4352 4554 452e 2041 2044 5259 2053 5452
4541 4d42 4544 204c 4541 4453 2049 4e54
4f20 5448 4520 4445 5052 4553 5349 4f4e
2e73 7100 7e00 053f 4000 0000 0000 0c77
0800 0000 1000 0000 0574 0001 4571 007e
0018 7400 0157 7100 7e00 1874 0001 5371
007e 0018 7400 014e 7100 7e00 2b71 007e
0008 7100 7e00 0b78 0073 7100 7e00 0000
0000 0900 0000 0000 0000 0174 0077 594f
5520 4152 4520 494e 2041 2053 4d41 4c4c
2043 4841 4d42 4552 2042 454e 4541 5448
2041 2033 5833 2053 5445 454c 2047 5241
5445 2054 4f20 5448 4520 5355 5246 4143
452e 2041 204c 4f57 2043 5241 574c 204f
5645 5220 434f 4242 4c45 5320 4c45 4144
5320 494e 5741 5244 2054 4f20 5448 4520
5745 5354 2e73 7100 7e00 053f 4000 0000
0000 0c77 0800 0000 1000 0000 0274 0001
5773 7100 7e00 0900 0000 0a71 007e 0008
7100 7e00 0b78 0073 7100 7e00 0000 0000
0a00 0000 0000 0000 0174 0064 594f 5520
4152 4520 4352 4157 4c49 4e47 204f 5645
5220 434f 4242 4c45 5320 494e 2041 204c
4f57 2050 4153 5341 4745 2e20 5448 4552
4520 4953 2041 2044 494d 204c 4947 4854
2041 5420 5448 4520 4541 5354 2045 4e44
204f 4620 5448 4520 5041 5353 4147 452e
7371 007e 0005 3f40 0000 0000 000c 7708
0000 0010 0000 0003 7400 0145 7371 007e
0009 0000 0009 7400 0157 7371 007e 0009
0000 000b 7100 7e00 0871 007e 000b 7800
7371 007e 0000 0000 000b 0000 0000 0000
0001 7400 e959 4f55 2041 5245 2049 4e20
4120 4445 4252 4953 2052 4f4f 4d20 4649
4c4c 4544 2057 4954 4820 5354 5546 4620
5741 5348 4544 2049 4e20 4652 4f4d 2054
4845 2053 5552 4641 4345 2e20 4120 4c4f
5720 5749 4445 2050 4153 5341 4745 2057
4954 4820 434f 4242 4c45 5320 4245 434f
4d45 5320 504c 5547 4745 4420 5749 5448
204d 5544 2041 4e44 2044 4542 5249 5320
4845 5245 2c20 4255 5420 414e 2041 574b
5741 5244 2043 414e 594f 4e20 4c45 4144
5320 5550 5741 5244 2041 4e44 2057 4553
542e 2041 204e 4f54 4520 4f4e 2054 4845
2057 414c 4c20 5341 5953 2022 4d41 4749
4320 574f 5244 2058 595a 5a59 222e 7371
007e 0005 3f40 0000 0000 000c 7708 0000
0010 0000 0004 7400 0145 7100 7e00 5174
0001 5573 7100 7e00 0900 0000 0c74 0001
5771 007e 005e 7100 7e00 0871 007e 000b
7800 7371 007e 0000 0000 000c 0000 0000
0000 0001 7400 2f59 4f55 2041 5245 2049
4e20 414e 2041 574b 5741 5244 2053 4c4f
5049 4e47 2045 4153 542f 5745 5354 2043
414e 594f 4e2e 7371 007e 0005 3f40 0000
0000 000c 7708 0000 0010 0000 0005 7400
0144 7100 7e00 5874 0001 4571 007e 0058
7400 0155 7371 007e 0009 0000 000d 7400
0157 7100 7e00 6671 007e 0008 7100 7e00
0b78 0073 7100 7e00 0000 0000 0d00 0000
0000 0000 0174 00af 594f 5520 4152 4520
494e 2041 2053 504c 454e 4449 4420 4348
414d 4245 5220 5448 4952 5459 2046 4545
5420 4849 4748 2e20 5448 4520 5741 4c4c
5320 4152 4520 4652 4f5a 454e 2052 4956
4552 5320 4f46 204f 5241 4e47 4520 5354
4f4e 452e 2041 4e20 4157 4b57 4152 4420
4341 4e59 4f4e 2041 4e44 2041 2047 4f4f
4420 5041 5353 4147 4520 4558 4954 2046
524f 4d20 4541 5354 2041 4e44 2057 4553
5420 5349 4445 5320 4f46 2054 4845 2043
4841 4d42 4552 2e73 7100 7e00 053f 4000
0000 0000 0c77 0800 0000 1000 0000 0374
0001 4571 007e 005e 7400 0157 7371 007e
0009 0000 000e 7100 7e00 0871 007e 000b
7800 7371 007e 0000 0000 000e 0000 0000
0000 0001 7400 7a41 5420 594f 5552 2046
4545 5420 4953 2041 2053 4d41 4c4c 2050
4954 2042 5245 4154 4849 4e47 2054 5241
4345 5320 4f46 2057 4849 5445 204d 4953
542e 2041 4e20 4541 5354 2050 4153 5341
4745 2045 4e44 5320 4845 5245 2045 5843
4550 5420 464f 5220 4120 534d 414c 4c20
4352 4143 4b20 4c45 4144 494e 4720 4f4e
2e73 7100 7e00 053f 4000 0000 0000 0c77
0800 0000 1000 0000 0474 0001 4571 007e
0066 7400 0144 7371 007e 0009 0000 000f
7400 0157 7371 007e 0009 0000 0010 7100
7e00 0871 007e 000b 7800 7371 007e 0000
0000 000f 0000 0000 0000 0001 7401 4b59
4f55 2041 5245 2041 5420 4f4e 4520 454e
4420 4f46 2041 2056 4153 5420 4841 4c4c
2053 5452 4554 4348 494e 4720 464f 5257
4152 4420 4f55 5420 4f46 2053 4947 4854
2054 4f20 5448 4520 5745 5354 2e20 5448
4552 4520 4152 4520 4f50 454e 494e 4753
2054 4f20 4549 5448 4552 2053 4944 452e
204e 4541 5242 592c 2041 2057 4944 4520
5354 4f4e 4520 5354 4149 5243 4153 4520
4c45 4144 5320 444f 574e 5741 5244 2e20
5448 4520 4841 4c4c 2049 5320 4649 4c4c
4544 2057 4954 4820 5749 5350 5320 4f46
2057 4849 5445 204d 4953 5420 5357 4159
494e 4720 544f 2041 4e44 2046 524f 2041
4c4d 4f53 5420 4153 2049 4620 414c 4956
452e 2041 2043 4f4c 4420 5749 4e44 2042
4c4f 5753 2055 5020 5448 4520 5354 4149
5243 4153 452e 2054 4845 5245 2049 5320
4120 5041 5353 4147 4520 4154 2054 4845
2054 4f50 204f 4620 4120 444f 4d45 2042
4548 494e 4420 594f 552e 7371 007e 0005
3f40 0000 0000 000c 7708 0000 0010 0000
0006 7400 0153 7371 007e 0009 0000 0012
7400 0157 7371 007e 0009 0000 0011 7400
0144 7371 007e 0009 0000 0013 7400 014e
7100 7e00 7e74 0001 5571 007e 006d 7100
7e00 0871 007e 000b 7800 7371 007e 0000
0000 0010 0000 0000 0000 0001 7400 2d54
4845 2043 5241 434b 2049 5320 4641 5220
544f 4f20 534d 414c 4c20 464f 5220 594f
5520 544f 2046 4f4c 4c4f 572e 7371 007e
0005 3f40 0000 0000 000c 7708 0000 0010
0000 0002 7400 0145 7100 7e00 6d71 007e
0008 7100 7e00 0b78 0073 7100 7e00 0000
0000 1100 0000 0000 0000 0174 0087 594f
5520 4152 4520 4f4e 2054 4845 2045 4153
5420 4241 4e4b 204f 4620 4120 4649 5353
5552 4520 534c 4943 494e 4720 434c 4541
5220 4143 524f 5353 2054 4845 2048 414c
4c2e 2054 4845 204d 4953 5420 4953 2051
5549 5445 2054 4849 434b 2048 4552 452c
2041 4e44 2054 4845 2046 4953 5355 5245
2049 5320 544f 4f20 5749 4445 2054 4f20
4a55 4d50 2e73 7100 7e00 053f 4000 0000
0000 0c77 0800 0000 1000 0000 0274 0001
4571 007e 0073 7100 7e00 0871 007e 000b
7800 7371 007e 0000 0000 0012 0000 0000
0000 0001 7400 6154 4849 5320 4953 2041
204c 4f57 2052 4f4f 4d20 5749 5448 2041
2043 5255 4445 204e 4f54 4520 4f4e 2054
4845 2057 414c 4c2e 2054 4845 204e 4f54
4520 5341 5953 2c20 2259 4f55 2057 4f4e
2754 2047 4554 2049 5420 5550 2054 4845
2053 5445 5053 222e 7371 007e 0005 3f40
0000 0000 000c 7708 0000 0010 0000 0002
7400 014e 7100 7e00 7371 007e 0008 7100
7e00 0b78 0073 7100 7e00 0000 0000 1300
0000 0000 0000 0174 004e 594f 5520 4152
4520 494e 2054 4845 2048 414c 4c20 4f46
2054 4845 204d 4f55 4e54 4149 4e20 4b49
4e47 2c20 5749 5448 2050 4153 5341 4745
5320 4f46 4620 494e 2041 4c4c 2044 4952
4543 5449 4f4e 532e 7371 007e 0005 3f40
0000 0000 000c 7708 0000 0010 0000 0004
7400 0155 7100 7e00 7374 0001 4571 007e
0073 7400 014e 7371 007e 0009 0000 0020
7100 7e00 0871 007e 000b 7800 7371 007e
0000 0000 0014 0000 0000 0000 0001 7400
3459 4f55 2041 5245 2041 5420 5448 4520
424f 5454 4f4d 204f 4620 5448 4520 5049
5420 5749 5448 2041 2042 524f 4b45 4e20
4e45 434b 2e73 7100 7e00 053f 4000 0000
0000 0c77 0800 0000 1000 0000 0171 007e
0008 7100 7e00 0b78 0073 7100 7e00 0000
0000 1500 0000 0000 0000 0174 0013 594f
5520 4449 444e 2754 204d 414b 4520 4954
2e73 7100 7e00 053f 4000 0000 0000 0c77
0800 0000 1000 0000 0171 007e 0008 7100
7e00 0b78 0073 7100 7e00 0000 0000 1600
0000 0000 0000 0174 0018 5448 4520 444f
4d45 2049 5320 554e 434c 494d 4241 424c
452e 7371 007e 0005 3f40 0000 0000 000c
7708 0000 0010 0000 0001 7100 7e00 0871
007e 000b 7800 7371 007e 0000 0000 0017
0000 0000 0000 0001 7400 7459 4f55 2041
5245 2041 5420 5448 4520 5745 5354 2045
4e44 204f 4620 5448 4520 5457 4f50 4954
2052 4f4f 4d2e 2054 4845 5245 2049 5320
4120 4c41 5247 4520 484f 4c45 2049 4e20
5448 4520 5741 4c4c 2041 424f 5645 2054
4845 2050 4954 2041 5420 5448 4953 2045
4e44 204f 4620 5448 4520 524f 4f4d 2e73
7100 7e00 053f 4000 0000 0000 0c77 0800
0000 1000 0000 0474 0001 4573 7100 7e00
0900 0000 4374 0001 5773 7100 7e00 0900
0000 4474 0001 4473 7100 7e00 0900 0000
1971 007e 0008 7100 7e00 0b78 0073 7100
7e00 0000 0000 1800 0000 0000 0000 0174
0073 594f 5520 4152 4520 4154 2054 4845
2042 4f54 544f 4d20 4f46 2054 4845 2045
4153 5445 524e 2050 4954 2049 4e20 5448
4520 5457 4f50 4954 2052 4f4f 4d2e 2054
4845 5245 2049 5320 4120 534d 414c 4c20
504f 4f4c 204f 4620 4f49 4c20 494e 204f
4e45 2043 4f52 4e45 5220 4f46 2054 4845
2050 4954 2e73 7100 7e00 053f 4000 0000
0000 0c77 0800 0000 1000 0000 0274 0001
5571 007e 00a1 7100 7e00 0871 007e 000b
7800 7371 007e 0000 0000 0019 0000 0000
0000 0001 7400 7759 4f55 2041 5245 2041
5420 5448 4520 424f 5454 4f4d 204f 4620
5448 4520 5745 5354 4552 4e20 5049 5420
494e 2054 4845 2054 574f 5049 5420 524f
4f4d 2e20 5448 4552 4520 4953 2041 204c
4152 4745 2048 4f4c 4520 494e 2054 4845
2057 414c 4c20 4142 4f55 5420 3235 2046
4545 5420 4142 4f56 4520 594f 552e 7371
007e 0005 3f40 0000 0000 000c 7708 0000
0010 0000 0002 7400 0155 7371 007e 0009
0000 0017 7100 7e00 0871 007e 000b 7800
7371 007e 0000 0000 001a 0000 0000 0000
0001 7400 4059 4f55 2043 4c41 4d42 4552
2055 5020 5448 4520 504c 414e 5420 414e
4420 5343 5552 5259 2054 4852 4f55 4748
2054 4845 2048 4f4c 4520 4154 2054 4845
2054 4f50 2e73 7100 7e00 053f 4000 0000
0000 0c77 0800 0000 1000 0000 0171 007e
0008 7100 7e00 0b78 0073 7100 7e00 0000
0000 1b00 0000 0000 0000 0174 003d 594f
5520 4152 4520 4f4e 2054 4845 2057 4553
5420 5349 4445 204f 4620 5448 4520 4649
5353 5552 4520 494e 2054 4845 2048 414c
4c20 4f46 204d 4953 5453 2e73 7100 7e00
053f 4000 0000 0000 0c77 0800 0000 1000
0000 0374 0001 4e73 7100 7e00 0900 0000
2874 0001 5773 7100 7e00 0900 0000 2971
007e 0008 7100 7e00 0b78 0073 7100 7e00
0000 0000 1c00 0000 0000 0000 0174 005a
594f 5520 4152 4520 494e 2041 204c 4f57
204e 2f53 2050 4153 5341 4745 2041 5420
4120 484f 4c45 2049 4e20 5448 4520 464c
4f4f 522e 2054 4845 2048 4f4c 4520 474f
4553 2044 4f57 4e20 544f 2041 4e20 452f
5720 5041 5353 4147 452e 7371 007e 0005
3f40 0000 0000 000c 7708 0000 0010 0000
0004 7400 0153 7100 7e00 7e74 0001 4e73
7100 7e00 0900 0000 2174 0001 4473 7100
7e00 0900 0000 2471 007e 0008 7100 7e00
0b78 0073 7100 7e00 0000 0000 1d00 0000
0000 0000 0174 0022 594f 5520 4152 4520
494e 2054 4845 2053 4f55 5448 2053 4944
4520 4348 414d 4245 522e 7371 007e 0005
3f40 0000 0000 000c 7708 0000 0010 0000
0002 7400 014e 7100 7e00 7e71 007e 0008
7100 7e00 0b78 0073 7100 7e00 0000 0000
1e00 0000 0000 0000 0174 0068 594f 5520
4152 4520 494e 2054 4845 2057 4553 5420
5349 4445 2043 4841 4d42 4552 204f 4620
5448 4520 4841 4c4c 204f 4620 5448 4520
4d4f 554e 5441 494e 204b 494e 472e 2041
2050 4153 5341 4745 2043 4f4e 5449 4e55
4553 2057 4553 5420 414e 4420 5550 2048
4552 452e 7371 007e 0005 3f40 0000 0000
000c 7708 0000 0010 0000 0004 7400 0145
7100 7e00 7e74 0001 5773 7100 7e00 0900
0000 3e74 0001 5571 007e 00ca 7100 7e00
0871 007e 000b 7800 7371 007e 0000 0000
001f 0000 0000 0000 0001 7400 033e 243c
7371 007e 0005 3f40 0000 0000 000c 7708
0000 0010 0000 0001 7100 7e00 0871 007e
000b 7800 7371 007e 0000 0000 0020 0000
0000 0000 0001 7400 1b59 4f55 2043 414e
2754 2047 4554 2042 5920 5448 4520 534e
414b 452e 7371 007e 0005 3f40 0000 0000
000c 7708 0000 0010 0000 0001 7100 7e00
0871 007e 000b 7800 7371 007e 0000 0000
0021 0000 0000 0000 0001 7400 a959 4f55
2041 5245 2049 4e20 4120 4c41 5247 4520
524f 4f4d 2c20 5749 5448 2041 2050 4153
5341 4745 2054 4f20 5448 4520 534f 5554
482c 2041 2050 4153 5341 4745 2054 4f20
5448 4520 5745 5354 2c20 414e 4420 4120
5741 4c4c 204f 4620 4252 4f4b 454e 2052
4f43 4b20 544f 2054 4845 2045 4153 542e
2054 4845 5245 2049 5320 4120 4c41 5247
4520 2759 3227 204f 4e20 4120 524f 434b
2049 4e20 5448 4520 524f 4f4d 2753 2043
454e 5445 522e 7371 007e 0005 3f40 0000
0000 000c 7708 0000 0010 0000 0004 7400
0153 7371 007e 0009 0000 001c 7400 0145
7371 007e 0009 0000 0022 7400 0157 7371
007e 0009 0000 0023 7100 7e00 0871 007e
000b 7800 7371 007e 0000 0000 0022 0000
0000 0000 0001 7400 3459 4f55 2041 5245
2049 4e20 4120 4a55 4d42 4c45 204f 4620
524f 434b 2c20 5749 5448 2043 5241 434b
5320 4556 4552 5957 4845 5245 2e73 7100
7e00 053f 4000 0000 0000 0c77 0800 0000
1000 0000 0374 0001 4471 007e 00be 7400
0155 7100 7e00 7371 007e 0008 7100 7e00
0b78 0073 7100 7e00 0000 0000 2300 0000
0000 0000 0174 01d2 594f 5527 5245 2041
5420 4120 4c4f 5720 5749 4e44 4f57 204f
5645 524c 4f4f 4b49 4e47 2041 2048 5547
4520 5049 542c 2057 4849 4348 2045 5854
454e 4453 2055 5020 4f55 5420 4f46 2053
4947 4854 2e20 4120 464c 4f4f 5220 4953
2049 4e44 4953 5449 4e43 544c 5920 5649
5349 424c 4520 4f56 4552 2035 3020 4645
4554 2042 454c 4f57 2e20 5452 4143 4553
204f 4620 5748 4954 4520 4d49 5354 2043
4f56 4552 2054 4845 2046 4c4f 4f52 204f
4620 5448 4520 5049 542c 2042 4543 4f4d
494e 4720 5448 4943 4b45 5220 544f 2054
4845 2052 4947 4854 2e20 4d41 524b 5320
494e 2054 4845 2044 5553 5420 4152 4f55
4e44 2054 4845 2057 494e 444f 5720 574f
554c 4420 5345 454d 2054 4f20 494e 4449
4341 5445 2054 4841 5420 534f 4d45 4f4e
4520 4841 5320 4245 454e 2048 4552 4520
5245 4345 4e54 4c59 2e20 4449 5245 4354
4c59 2041 4352 4f53 5320 5448 4520 5049
5420 4652 4f4d 2059 4f55 2041 4e44 2032
3520 4645 4554 2041 5741 5920 5448 4552
4520 4953 2041 2053 494d 494c 4152 2057
494e 444f 5720 4c4f 4f4b 494e 4720 494e
544f 2041 204c 4947 4854 4544 2052 4f4f
4d2e 2041 2053 4841 444f 5759 2046 4947
5552 4520 4341 4e20 4245 2053 4545 4e20
5448 4552 4520 5045 4552 494e 4720 4241
434b 2041 5420 594f 552e 7371 007e 0005
3f40 0000 0000 000c 7708 0000 0010 0000
0002 7400 0145 7100 7e00 be71 007e 0008
7100 7e00 0b78 0073 7100 7e00 0000 0000
2400 0000 0000 0000 0174 0082 594f 5520
4152 4520 494e 2041 2044 4952 5459 2042
524f 4b45 4e20 5041 5353 4147 452e 2054
4f20 5448 4520 4541 5354 2049 5320 4120
4352 4157 4c2e 2054 4f20 5448 4520 5745
5354 2049 5320 4120 4c41 5247 4520 5041
5353 4147 452e 2041 424f 5645 2059 4f55
2049 5320 4120 484f 4c45 2054 4f20 414e
4f54 4845 5220 5041 5353 4147 452e 7371
007e 0005 3f40 0000 0000 000c 7708 0000
0010 0000 0004 7400 0145 7371 007e 0009
0000 0025 7400 0155 7100 7e00 d674 0001
5773 7100 7e00 0900 0000 2771 007e 0008
7100 7e00 0b78 0073 7100 7e00 0000 0000
2500 0000 0000 0000 0174 0048 594f 5520
4152 4520 4f4e 2054 4845 2042 5249 4e4b
204f 4620 4120 534d 414c 4c20 434c 4541
4e20 434c 494d 4241 424c 4520 5049 542e
2041 2043 5241 574c 204c 4541 4453 2057
4553 542e 7371 007e 0005 3f40 0000 0000
000c 7708 0000 0010 0000 0003 7400 0157
7100 7e00 c074 0001 4473 7100 7e00 0900
0000 2671 007e 0008 7100 7e00 0b78 0073
7100 7e00 0000 0000 2600 0000 0000 0000
0174 0065 594f 5520 4152 4520 494e 2054
4845 2042 4f54 544f 4d20 4f46 2041 2053
4d41 4c4c 2050 4954 2057 4954 4820 4120
4c49 5454 4c45 2053 5452 4541 4d2c 2057
4849 4348 2045 4e54 4552 5320 414e 4420
4558 4954 5320 5448 524f 5547 4820 5449
4e59 2053 4c49 5453 2e73 7100 7e00 053f
4000 0000 0000 0c77 0800 0000 1000 0000
0274 0001 5571 007e 00e8 7100 7e00 0871
007e 000b 7800 7371 007e 0000 0000 0027
0000 0000 0000 0001 7400 8759 4f55 2041
5245 2049 4e20 4120 4c41 5247 4520 524f
4f4d 2046 554c 4c20 4f46 2044 5553 5459
2052 4f43 4b53 2e20 5448 4552 4520 4953
2041 2042 4947 2048 4f4c 4520 494e 2054
4845 2046 4c4f 4f52 2e20 5448 4552 4520
4152 4520 4352 4143 4b53 2045 5645 5259
5748 4552 452c 2041 4e44 2041 2050 4153
5341 4745 204c 4541 4449 4e47 2045 4153
542e 7371 007e 0005 3f40 0000 0000 000c
7708 0000 0010 0000 0003 7400 0145 7100
7e00 c074 0001 4473 7100 7e00 0900 0000
4071 007e 0008 7100 7e00 0b78 0073 7100
7e00 0000 0000 2800 0000 0000 0000 0174
005c 594f 5520 4841 5645 2043 5241 574c
4544 2054 4852 4f55 4748 2041 2056 4552
5920 4c4f 5720 5749 4445 2050 4153 5341
4745 2050 4152 414c 4c45 4c20 544f 2041
4e44 204e 4f52 5448 204f 4620 5448 4520
4841 4c4c 204f 4620 4d49 5354 532e 7371
007e 0005 3f40 0000 0000 000c 7708 0000
0010 0000 0001 7100 7e00 0871 007e 000b
7800 7371 007e 0000 0000 0029 0000 0000
0000 0001 7400 9859 4f55 2041 5245 2041
5420 5448 4520 5745 5354 2045 4e44 204f
4620 4841 4c4c 204f 4620 4d49 5354 532e
2041 204c 4f57 2057 4944 4520 4352 4157
4c20 434f 4e54 494e 5545 5320 5745 5354
2041 4e44 2041 4e4f 5448 4552 2047 4f45
5320 4e4f 5254 482e 2054 4f20 5448 4520
534f 5554 4820 4953 2041 204c 4954 544c
4520 5041 5353 4147 4520 3620 4645 4554
204f 4646 2054 4845 2046 4c4f 4f52 2e73
7100 7e00 053f 4000 0000 0000 0c77 0800
0000 1000 0000 0674 0001 5373 7100 7e00
0900 0000 2a74 0001 5571 007e 0103 7400
0145 7371 007e 0009 0000 001b 7400 014e
7371 007e 0009 0000 003b 7400 0157 7371
007e 0009 0000 003c 7100 7e00 0871 007e
000b 7800 7371 007e 0000 0000 002a 0000
0000 0000 0001 7400 3759 4f55 2041 5245
2049 4e20 4120 4d41 5a45 204f 4620 5457
4953 5459 204c 4954 544c 4520 5041 5353
4147 4553 2c20 414c 4c20 414c 494b 452e
7371 007e 0005 3f40 0000 0000 000c 7708
0000 0010 0000 0006 7400 0155 7100 7e00
b874 0001 4e71 007e 0103 7400 0145 7371
007e 0009 0000 002b 7400 0153 7371 007e
0009 0000 002d 7400 0157 7371 007e 0009
0000 0050 7100 7e00 0871 007e 000b 7800
7371 007e 0000 0000 002b 0000 0000 0000
0001 7400 3759 4f55 2041 5245 2049 4e20
4120 4d41 5a45 204f 4620 5457 4953 5459
204c 4954 544c 4520 5041 5353 4147 4553
2c20 414c 4c20 414c 494b 452e 7371 007e
0005 3f40 0000 0000 000c 7708 0000 0010
0000 0004 7400 0157 7100 7e01 0374 0001
5373 7100 7e00 0900 0000 2c74 0001 4571
007e 0113 7100 7e00 0871 007e 000b 7800
7371 007e 0000 0000 002c 0000 0000 0000
0001 7400 3759 4f55 2041 5245 2049 4e20
4120 4d41 5a45 204f 4620 5457 4953 5459
204c 4954 544c 4520 5041 5353 4147 4553
2c20 414c 4c20 414c 494b 452e 7371 007e
0005 3f40 0000 0000 000c 7708 0000 0010
0000 0005 7400 0145 7100 7e01 1174 0001
4473 7100 7e00 0900 0000 3074 0001 5373
7100 7e00 0900 0000 3274 0001 4e73 7100
7e00 0900 0000 5271 007e 0008 7100 7e00
0b78 0073 7100 7e00 0000 0000 2d00 0000
0000 0000 0174 0037 594f 5520 4152 4520
494e 2041 204d 415a 4520 4f46 2054 5749
5354 5920 4c49 5454 4c45 2050 4153 5341
4745 532c 2041 4c4c 2041 4c49 4b45 2e73
7100 7e00 053f 4000 0000 0000 0c77 0800
0000 1000 0000 0774 0001 5771 007e 0103
7400 014e 7100 7e01 1174 0001 4573 7100
7e00 0900 0000 2e74 0001 5373 7100 7e00
0900 0000 2f74 0001 5573 7100 7e00 0900
0000 5774 0001 4471 007e 0131 7100 7e00
0871 007e 000b 7800 7371 007e 0000 0000
002e 0000 0000 0000 0001 7400 0844 4541
4420 454e 4473 7100 7e00 053f 4000 0000
0000 0c77 0800 0000 1000 0000 0274 0001
5771 007e 0113 7100 7e00 0871 007e 000b
7800 7371 007e 0000 0000 002f 0000 0000
0000 0001 7400 0844 4541 4420 454e 4473
7100 7e00 053f 4000 0000 0000 0c77 0800
0000 1000 0000 0274 0001 4571 007e 0113
7100 7e00 0871 007e 000b 7800 7371 007e
0000 0000 0030 0000 0000 0000 0001 7400
0844 4541 4420 454e 4473 7100 7e00 053f
4000 0000 0000 0c77 0800 0000 1000 0000
0274 0001 5571 007e 011b 7100 7e00 0871
007e 000b 7800 7371 007e 0000 0000 0031
0000 0000 0000 0001 7400 3759 4f55 2041
5245 2049 4e20 4120 4d41 5a45 204f 4620
5457 4953 5459 204c 4954 544c 4520 5041
5353 4147 4553 2c20 414c 4c20 414c 494b
452e 7371 007e 0005 3f40 0000 0000 000c
7708 0000 0010 0000 0003 7400 0145 7100
7e01 2474 0001 5773 7100 7e00 0900 0000
3371 007e 0008 7100 7e00 0b78 0073 7100
7e00 0000 0000 3200 0000 0000 0000 0174
0037 594f 5520 4152 4520 494e 2041 204d
415a 4520 4f46 2054 5749 5354 5920 4c49
5454 4c45 2050 4153 5341 4745 532c 2041
4c4c 2041 4c49 4b45 2e73 7100 7e00 053f
4000 0000 0000 0c77 0800 0000 1000 0000
0574 0001 4571 007e 011b 7400 0157 7371
007e 0009 0000 0031 7400 0144 7100 7e01
4474 0001 5373 7100 7e00 0900 0000 3471
007e 0008 7100 7e00 0b78 0073 7100 7e00
0000 0000 3300 0000 0000 0000 0174 0037
594f 5520 4152 4520 494e 2041 204d 415a
4520 4f46 2054 5749 5354 5920 4c49 5454
4c45 2050 4153 5341 4745 532c 2041 4c4c
2041 4c49 4b45 2e73 7100 7e00 053f 4000
0000 0000 0c77 0800 0000 1000 0000 0574
0001 5771 007e 014a 7400 0155 7100 7e01
2474 0001 4571 007e 014d 7400 0153 7371
007e 0009 0000 0035 7100 7e00 0871 007e
000b 7800 7371 007e 0000 0000 0034 0000
0000 0000 0001 7400 3759 4f55 2041 5245
2049 4e20 4120 4d41 5a45 204f 4620 5457
4953 5459 204c 4954 544c 4520 5041 5353
4147 4553 2c20 414c 4c20 414c 494b 452e
7371 007e 0005 3f40 0000 0000 000c 7708
0000 0010 0000 0007 7400 0157 7100 7e01
2474 0001 4571 007e 0144 7400 0153 7100
7e01 4d74 0001 5571 007e 0155 7400 014e
7371 007e 0009 0000 0037 7400 0144 7371
007e 0009 0000 0056 7100 7e00 0871 007e
000b 7800 7371 007e 0000 0000 0035 0000
0000 0000 0001 7400 3759 4f55 2041 5245
2049 4e20 4120 4d41 5a45 204f 4620 5457
4953 5459 204c 4954 544c 4520 5041 5353
4147 4553 2c20 414c 4c20 414c 494b 452e
7371 007e 0005 3f40 0000 0000 000c 7708
0000 0010 0000 0004 7400 0157 7100 7e01
4474 0001 4e71 007e 014d 7400 0153 7371
007e 0009 0000 0036 7100 7e00 0871 007e
000b 7800 7371 007e 0000 0000 0036 0000
0000 0000 0001 7400 0844 4541 4420 454e
4473 7100 7e00 053f 4000 0000 0000 0c77
0800 0000 1000 0000 0274 0001 5771 007e
0155 7100 7e00 0871 007e 000b 7800 7371
007e 0000 0000 0037 0000 0000 0000 0001
7400 3759 4f55 2041 5245 2049 4e20 4120
4d41 5a45 204f 4620 5457 4953 5459 204c
4954 544c 4520 5041 5353 4147 4553 2c20
414c 4c20 414c 494b 452e 7371 007e 0005
3f40 0000 0000 000c 7708 0000 0010 0000
0005 7400 0157 7100 7e01 4d74 0001 4e71
007e 015e 7400 0144 7371 007e 0009 0000
0038 7400 0145 7371 007e 0009 0000 0039
7100 7e00 0871 007e 000b 7800 7371 007e
0000 0000 0038 0000 0000 0000 0001 7400
0844 4541 4420 454e 4473 7100 7e00 053f
4000 0000 0000 0c77 0800 0000 1000 0000
0274 0001 5571 007e 015e 7100 7e00 0871
007e 000b 7800 7371 007e 0000 0000 0039
0000 0000 0000 0001 7400 b059 4f55 2041
5245 204f 4e20 5448 4520 4252 494e 4b20
4f46 2041 2054 4849 5254 5920 464f 4f54
2050 4954 2057 4954 4820 4120 4d41 5353
4956 4520 4f52 414e 4745 2043 4f4c 554d
4e20 444f 574e 204f 4e45 2057 414c 4c2e
2059 4f55 2043 4f55 4c44 2043 4c49 4d42
2044 4f57 4e20 4845 5245 2042 5554 2059
4f55 2043 4f55 4c44 204e 4f54 2047 4554
2042 4143 4b20 5550 2e20 5448 4520 4d41
5a45 2043 4f4e 5449 4e55 4553 2041 5420
5448 4953 204c 4556 454c 2e73 7100 7e00
053f 4000 0000 0000 0c77 0800 0000 1000
0000 0674 0001 4471 007e 0066 7400 0157
7100 7e01 5e74 0001 5373 7100 7e00 0900
0000 3a74 0001 4e73 7100 7e00 0900 0000
5374 0001 4573 7100 7e00 0900 0000 5471
007e 0008 7100 7e00 0b78 0073 7100 7e00
0000 0000 3a00 0000 0000 0000 0174 0008
4445 4144 2045 4e44 7371 007e 0005 3f40
0000 0000 000c 7708 0000 0010 0000 0002
7400 0145 7100 7e01 7471 007e 0008 7100
7e00 0b78 0073 7100 7e00 0000 0000 3b00
0000 0000 0000 0174 005c 594f 5520 4841
5645 2043 5241 574c 4544 2054 4852 4f55
4748 2041 2056 4552 5920 4c4f 5720 5749
4445 2050 4153 5341 4745 2050 4152 414c
4c45 4c20 544f 2041 4e44 204e 4f52 5448
204f 4620 5448 4520 4841 4c4c 204f 4620
4d49 5354 532e 7371 007e 0005 3f40 0000
0000 000c 7708 0000 0010 0000 0001 7100
7e00 0871 007e 000b 7800 7371 007e 0000
0000 003c 0000 0000 0000 0001 7400 a559
4f55 2041 5245 2041 5420 5448 4520 4541
5354 2045 4e44 204f 4620 4120 5645 5259
204c 4f4e 4720 4841 4c4c 2041 5050 4152
454e 544c 5920 5749 5448 4f55 5420 5349
4445 2043 4841 4d42 4552 532e 2054 4f20
5448 4520 4541 5354 2041 204c 4f57 2057
4944 4520 4352 4157 4c20 534c 414e 5453
2055 502e 2054 4f20 5448 4520 4e4f 5254
4820 4120 524f 554e 4420 5457 4f20 464f
4f54 2048 4f4c 4520 534c 414e 5453 2044
4f57 4e2e 7371 007e 0005 3f40 0000 0000
000c 7708 0000 0010 0000 0006 7400 0145
7100 7e00 b874 0001 5571 007e 00b8 7400
0157 7371 007e 0009 0000 003d 7400 014e
7100 7e00 ca74 0001 4471 007e 00ca 7100
7e00 0871 007e 000b 7800 7371 007e 0000
0000 003d 0000 0000 0000 0001 7400 6d59
4f55 2041 5245 2041 5420 5448 4520 5745
5354 2045 4e44 204f 4620 4120 5645 5259
204c 4f4e 4720 4645 4154 5552 454c 4553
5320 4841 4c4c 2e20 5448 4520 4841 4c4c
204a 4f49 4e53 2055 5020 5749 5448 2041
204e 4152 524f 5720 4e4f 5254 482f 534f
5554 4820 5041 5353 4147 452e 7371 007e
0005 3f40 0000 0000 000c 7708 0000 0010
0000 0003 7400 0145 7100 7e01 0a74 0001
4e71 007e 00ca 7100 7e00 0871 007e 000b
7800 7371 007e 0000 0000 003e 0000 0000
0000 0001 7400 3f59 4f55 2041 5245 2041
5420 4120 4352 4f53 534f 5645 5220 4f46
2041 2048 4947 4820 4e2f 5320 5041 5353
4147 4520 414e 4420 4120 4c4f 5720 452f
5720 4f4e 452e 7371 007e 0005 3f40 0000
0000 000c 7708 0000 0010 0000 0005 7400
0157 7100 7e01 0a74 0001 4e73 7100 7e00
0900 0000 3f74 0001 4573 7100 7e00 0900
0000 1e74 0001 5371 007e 0191 7100 7e00
0871 007e 000b 7800 7371 007e 0000 0000
003f 0000 0000 0000 0001 7400 0844 4541
4420 454e 4473 7100 7e00 053f 4000 0000
0000 0c77 0800 0000 1000 0000 0274 0001
5371 007e 00ca 7100 7e00 0871 007e 000b
7800 7371 007e 0000 0000 0040 0000 0000
0000 0001 7400 cc59 4f55 2041 5245 2041
5420 4120 434f 4d50 4c45 5820 4a55 4e43
5449 4f4e 2e20 4120 4c4f 5720 4841 4e44
5320 414e 4420 4b4e 4545 5320 5041 5353
4147 4520 4652 4f4d 2054 4845 204e 4f52
5448 204a 4f49 4e53 2041 2048 4947 4845
5220 4352 4157 4c20 4652 4f4d 2054 4845
2045 4153 5420 544f 204d 414b 4520 4120
5741 4c4b 494e 4720 5041 5353 4147 4520
474f 494e 4720 5745 5354 2e20 5448 4552
4520 4953 2041 4c53 4f20 4120 4c41 5247
4520 524f 4f4d 2041 424f 5645 2e20 5448
4520 4149 5220 4953 2044 414d 5020 4845
5245 2e73 7100 7e00 053f 4000 0000 0000
0c77 0800 0000 1000 0000 0574 0001 5571
007e 00eb 7400 0157 7371 007e 0009 0000
0041 7400 014e 7371 007e 0009 0000 0067
7400 0145 7371 007e 0009 0000 006a 7100
7e00 0871 007e 000b 7800 7371 007e 0000
0000 0041 0000 0000 0000 0001 7400 7b59
4f55 2041 5245 2049 4e20 4245 4451 5549
4c54 2c20 4120 4c4f 4e47 2045 4153 542f
5745 5354 2050 4153 5341 4745 2057 4954
4820 484f 4c45 5320 4556 4552 5957 4845
5245 2e20 544f 2045 5850 4c4f 5245 2041
5420 5241 4e44 4f4d 2053 454c 4543 5420
4e4f 5254 482c 2053 4f55 5448 2c20 5550
2c20 4f52 2044 4f57 4e2e 7371 007e 0005
3f40 0000 0000 000c 7708 0000 0010 0000
0006 7400 0145 7100 7e00 fb74 0001 5773
7100 7e00 0900 0000 4274 0001 5571 007e
00eb 7400 014e 7371 007e 0009 0000 0047
7400 0144 7100 7e01 af71 007e 0008 7100
7e00 0b78 0073 7100 7e00 0000 0000 4200
0000 0000 0000 0174 0097 594f 5520 4152
4520 494e 2041 2052 4f4f 4d20 5748 4f53
4520 5741 4c4c 5320 5245 5345 4d42 4c45
2053 5749 5353 2043 4845 4553 452e 204f
4256 494f 5553 2050 4153 5341 4745 5320
474f 2057 4553 542c 2045 4153 542c 204e
452c 2041 4e44 204e 572e 2050 4152 5420
4f46 2054 4845 2052 4f4f 4d20 4953 204f
4343 5550 4945 4420 4259 2041 204c 4152
4745 2042 4544 524f 434b 2042 4c4f 434b
2e73 7100 7e00 053f 4000 0000 0000 0c77
0800 0000 1000 0000 0474 0002 4e45 7100
7e01 ab74 0001 5771 007e 00a1 7400 0145
7371 007e 0009 0000 0060 7100 7e00 0871
007e 000b 7800 7371 007e 0000 0000 0043
0000 0000 0000 0001 7401 4859 4f55 2041
5245 2041 5420 5448 4520 4541 5354 2045
4e44 204f 4620 5448 4520 5457 4f50 4954
2052 4f4f 4d2e 2054 4845 2046 4c4f 4f52
2048 4552 4520 4953 204c 4954 5445 5245
4420 5749 5448 2054 4849 4e20 524f 434b
2053 4c41 4253 2c20 5748 4943 4820 4d41
4b45 2049 5420 4541 5359 2054 4f20 4445
5343 454e 4420 5448 4520 5049 5453 2e20
5448 4552 4520 4953 2041 2050 4154 4820
4845 5245 2042 5950 4153 5349 4e47 2054
4845 2050 4954 5320 544f 2043 4f4e 4e45
4354 2050 4153 5341 4745 5320 4652 4f4d
2045 4153 5420 414e 4420 5745 5354 2e20
5448 4552 4520 4152 4520 484f 4c45 5320
414c 4c20 4f56 4552 2c20 4255 5420 5448
4520 4f4e 4c59 2042 4947 204f 4e45 2049
5320 4f4e 2054 4845 2057 414c 4c20 4449
5245 4354 4c59 204f 5645 5220 5448 4520
5745 5354 2050 4954 2057 4845 5245 2059
4f55 2043 414e 2754 2047 4554 2054 4f20
4954 2e73 7100 7e00 053f 4000 0000 0000
0c77 0800 0000 1000 0000 0474 0001 4571
007e 01b5 7400 0157 7100 7e00 ae74 0001
4473 7100 7e00 0900 0000 1871 007e 0008
7100 7e00 0b78 0073 7100 7e00 0000 0000
4400 0000 0000 0000 0174 0121 594f 5520
4152 4520 494e 2041 204c 4152 4745 204c
4f57 2043 4952 4355 4c41 5220 4348 414d
4245 5220 5748 4f53 4520 464c 4f4f 5220
4953 2041 4e20 494d 4d45 4e53 4520 534c
4142 2046 414c 4c45 4e20 4652 4f4d 2054
4845 2043 4549 4c49 4e47 2028 534c 4142
2052 4f4f 4d29 2e20 4541 5354 2041 4e44
2057 4553 5420 5448 4552 4520 4f4e 4345
2057 4552 4520 4c41 5247 4520 5041 5353
4147 4553 2c20 4255 5420 5448 4559 2041
5245 204e 4f57 2046 494c 4c45 4420 5749
5448 2042 4f55 4c44 4552 532e 204c 4f57
2053 4d41 4c4c 2050 4153 5341 4745 5320
474f 204e 4f52 5448 2041 4e44 2053 4f55
5448 2c20 414e 4420 5448 4520 534f 5554
4820 4f4e 4520 5155 4943 4b4c 5920 4245
4e44 5320 5745 5354 2041 524f 554e 4420
5448 4520 424f 554c 4445 5253 2e73 7100
7e00 053f 4000 0000 0000 0c77 0800 0000
1000 0000 0474 0001 5371 007e 00ae 7400
0155 7371 007e 0009 0000 0045 7400 014e
7100 7e01 ab71 007e 0008 7100 7e00 0b78
0073 7100 7e00 0000 0000 4500 0000 0000
0000 0174 0032 594f 5520 4152 4520 494e
2041 2053 4543 5245 5420 4e2f 5320 4341
4e59 4f4e 2041 424f 5645 2041 204c 4152
4745 2052 4f4f 4d2e 7371 007e 0005 3f40
0000 0000 000c 7708 0000 0010 0000 0004
7400 0144 7100 7e00 a374 0001 5373 7100
7e00 0900 0000 7774 0001 4e73 7100 7e00
0900 0000 6d71 007e 0008 7100 7e00 0b78
0073 7100 7e00 0000 0000 4600 0000 0000
0000 0174 0037 594f 5520 4152 4520 494e
2041 2053 4543 5245 5420 4e2f 5320 4341
4e59 4f4e 2041 424f 5645 2041 2053 495a
4142 4c45 2050 4153 5341 4745 2e73 7100
7e00 053f 4000 0000 0000 0c77 0800 0000
1000 0000 0474 0001 4e71 007e 01b8 7400
0144 7100 7e01 ab74 0001 5373 7100 7e00
0900 0000 6f71 007e 0008 7100 7e00 0b78
0073 7100 7e00 0000 0000 4700 0000 0000
0000 0174 008c 594f 5520 4152 4520 494e
2041 2053 4543 5245 5420 4341 4e59 4f4e
2041 5420 4120 4a55 4e43 5449 4f4e 204f
4620 5448 5245 4520 4341 4e59 4f4e 532c
2042 4541 5249 4e47 204e 4f52 5448 2c20
534f 5554 482c 2041 4e44 2053 452e 2054
4845 204e 4f52 5448 204f 4e45 2049 5320
4153 2054 414c 4c20 4153 2054 4845 204f
5448 4552 2054 574f 2043 4f4d 4249 4e45
442e 7371 007e 0005 3f40 0000 0000 000c
7708 0000 0010 0000 0004 7400 0253 4571
007e 01ab 7400 0153 7371 007e 0009 0000
0046 7400 014e 7371 007e 0009 0000 006e
7100 7e00 0871 007e 000b 7800 7371 007e
0000 0000 0048 0000 0000 0000 0001 7400
3b59 4f55 2041 5245 2049 4e20 4120 4c41
5247 4520 4c4f 5720 524f 4f4d 2e20 4352
4157 4c53 204c 4541 4420 4e4f 5254 482c
2053 452c 2041 4e44 2053 572e 7371 007e
0005 3f40 0000 0000 000c 7708 0000 0010
0000 0004 7400 0253 5773 7100 7e00 0900
0000 7674 0001 4e73 7100 7e00 0900 0000
4974 0002 5345 7371 007e 0009 0000 0061
7100 7e00 0871 007e 000b 7800 7371 007e
0000 0000 0049 0000 0000 0000 0001 7400
0f44 4541 4420 454e 4420 4352 4157 4c2e
7371 007e 0005 3f40 0000 0000 000c 7708
0000 0010 0000 0002 7400 0153 7371 007e
0009 0000 0048 7100 7e00 0871 007e 000b
7800 7371 007e 0000 0000 004a 0000 0000
0000 0001 7400 9559 4f55 2041 5245 2049
4e20 4120 5345 4352 4554 2043 414e 594f
4e20 5748 4943 4820 4845 5245 2052 554e
5320 452f 572e 2049 5420 4352 4f53 5345
5320 4f56 4552 2041 2056 4552 5920 5449
4748 5420 4341 4e59 4f4e 2031 3520 4645
4554 2042 454c 4f57 2e20 4946 2059 4f55
2047 4f20 444f 574e 2059 4f55 204d 4159
204e 4f54 2042 4520 4142 4c45 2054 4f20
4745 5420 4241 434b 2055 502e 7371 007e
0005 3f40 0000 0000 000c 7708 0000 0010
0000 0004 7400 0145 7100 7e00 7e74 0001
5773 7100 7e00 0900 0000 7974 0001 4473
7100 7e00 0900 0000 4b71 007e 0008 7100
7e00 0b78 0073 7100 7e00 0000 0000 4b00
0000 0000 0000 0174 0033 594f 5520 4152
4520 4154 2041 2057 4944 4520 504c 4143
4520 494e 2041 2056 4552 5920 5449 4748
5420 4e2f 5320 4341 4e59 4f4e 2e73 7100
7e00 053f 4000 0000 0000 0c77 0800 0000
1000 0000 0374 0001 5373 7100 7e00 0900
0000 4c74 0001 4e73 7100 7e00 0900 0000
4d71 007e 0008 7100 7e00 0b78 0073 7100
7e00 0000 0000 4c00 0000 0000 0000 0174
0036 5448 4520 4341 4e59 4f4e 2048 4552
4520 4245 434f 4d45 5320 544f 4f20 5449
4748 5420 544f 2047 4f20 4655 5254 4845
5220 534f 5554 482e 7371 007e 0005 3f40
0000 0000 000c 7708 0000 0010 0000 0002
7400 014e 7100 7e01 fb71 007e 0008 7100
7e00 0b78 0073 7100 7e00 0000 0000 4d00
0000 0000 0000 0174 0057 594f 5520 4152
4520 494e 2041 2054 414c 4c20 452f 5720
4341 4e59 4f4e 2e20 4120 4c4f 5720 5449
4748 5420 4352 4157 4c20 474f 4553 2033
2046 4545 5420 4e4f 5254 4820 414e 4420
5345 454d 5320 544f 204f 5045 4e20 5550
2e73 7100 7e00 053f 4000 0000 0000 0c77
0800 0000 1000 0000 0474 0001 4571 007e
01fb 7400 0157 7371 007e 0009 0000 004e
7400 014e 7100 7e01 b571 007e 0008 7100
7e00 0b78 0073 7100 7e00 0000 0000 4e00
0000 0000 0000 0174 0034 5448 4520 4341
4e59 4f4e 2052 554e 5320 494e 544f 2041
204d 4153 5320 4f46 2042 4f55 4c44 4552
5320 2d2d 2044 4541 4420 454e 442e 7371
007e 0005 3f40 0000 0000 000c 7708 0000
0010 0000 0002 7400 0153 7100 7e02 0271
007e 0008 7100 7e00 0b78 0073 7100 7e00
0000 0000 4f00 0000 0000 0000 0174 006a
5448 4520 5354 5245 414d 2046 4c4f 5753
204f 5554 2054 4852 4f55 4748 2041 2050
4149 5220 4f46 2031 2046 4f4f 5420 4449
414d 4554 4552 2053 4557 4552 2050 4950
4553 2e20 4954 2057 4f55 4c44 2042 4520
4144 5649 5341 424c 4520 544f 2055 5345
2054 4845 2045 5849 542e 7371 007e 0005
3f40 0000 0000 000c 7708 0000 0010 0000
0001 7100 7e00 0871 007e 000b 7800 7371
007e 0000 0000 0050 0000 0000 0000 0001
7400 3759 4f55 2041 5245 2049 4e20 4120
4d41 5a45 204f 4620 5457 4953 5459 204c
4954 544c 4520 5041 5353 4147 4553 2c20
414c 4c20 414c 494b 452e 7371 007e 0005
3f40 0000 0000 000c 7708 0000 0010 0000
0005 7400 014e 7100 7e01 0374 0001 5771
007e 0115 7400 0153 7100 7e01 1574 0001
4573 7100 7e00 0900 0000 5171 007e 0008
7100 7e00 0b78 0073 7100 7e00 0000 0000
5100 0000 0000 0000 0174 0008 4445 4144
2045 4e44 7371 007e 0005 3f40 0000 0000
000c 7708 0000 0010 0000 0002 7400 0157
7100 7e01 1571 007e 0008 7100 7e00 0b78
0073 7100 7e00 0000 0000 5200 0000 0000
0000 0174 0008 4445 4144 2045 4e44 7371
007e 0005 3f40 0000 0000 000c 7708 0000
0010 0000 0002 7400 0153 7100 7e01 1b71
007e 0008 7100 7e00 0b78 0073 7100 7e00
0000 0000 5300 0000 0000 0000 0174 0037
594f 5520 4152 4520 494e 2041 204d 415a
4520 4f46 2054 5749 5354 5920 4c49 5454
4c45 2050 4153 5341 4745 532c 2041 4c4c
2041 4c49 4b45 2e73 7100 7e00 053f 4000
0000 0000 0c77 0800 0000 1000 0000 0474
0001 5371 007e 0174 7400 0145 7100 7e01
8374 0001 5773 7100 7e00 0900 0000 5571
007e 0008 7100 7e00 0b78 0073 7100 7e00
0000 0000 5400 0000 0000 0000 0174 0037
594f 5520 4152 4520 494e 2041 204d 415a
4520 4f46 2054 5749 5354 5920 4c49 5454
4c45 2050 4153 5341 4745 532c 2041 4c4c
2041 4c49 4b45 2e73 7100 7e00 053f 4000
0000 0000 0c77 0800 0000 1000 0000 0474
0001 4e71 007e 0174 7400 0157 7100 7e01
8174 0002 4e57 7371 007e 0009 0000 0072
7100 7e00 0871 007e 000b 7800 7371 007e
0000 0000 0055 0000 0000 0000 0001 7400
0844 4541 4420 454e 4473 7100 7e00 053f
4000 0000 0000 0c77 0800 0000 1000 0000
0274 0001 4571 007e 0181 7100 7e00 0871
007e 000b 7800 7371 007e 0000 0000 0056
0000 0000 0000 0001 7400 0844 4541 4420
454e 4473 7100 7e00 053f 4000 0000 0000
0c77 0800 0000 1000 0000 0274 0001 5571
007e 014d 7100 7e00 0871 007e 000b 7800
7371 007e 0000 0000 0057 0000 0000 0000
0001 7400 3759 4f55 2041 5245 2049 4e20
4120 4d41 5a45 204f 4620 5457 4953 5459
204c 4954 544c 4520 5041 5353 4147 4553
2c20 414c 4c20 414c 494b 452e 7371 007e
0005 3f40 0000 0000 000c 7708 0000 0010
0000 0003 7400 0155 7100 7e01 1374 0001
4471 007e 0113 7100 7e00 0871 007e 000b
7800 7371 007e 0000 0000 0058 0000 0000
0000 0001 7400 9559 4f55 2041 5245 2049
4e20 4120 4c4f 4e47 2c20 4e41 5252 4f57
2043 4f52 5249 444f 5220 5354 5245 5443
4849 4e47 204f 5554 204f 4620 5349 4748
5420 544f 2054 4845 2057 4553 542e 2041
5420 5448 4520 4541 5354 4552 4e20 454e
4420 4953 2041 2048 4f4c 4520 5448 524f
5547 4820 5748 4943 4820 594f 5520 4341
4e20 5345 4520 4120 5052 4f46 5553 494f
4e20 4f46 204c 4541 5645 532e 7371 007e
0005 3f40 0000 0000 000c 7708 0000 0010
0000 0004 7400 0144 7100 7e00 a574 0001
4571 007e 00a5 7400 0157 7371 007e 0009
0000 005c 7100 7e00 0871 007e 000b 7800
7371 007e 0000 0000 0059 0000 0000 0000
0001 7400 4354 4845 5245 2049 5320 4e4f
5448 494e 4720 4845 5245 2054 4f20 434c
494d 422e 2055 5345 2022 5550 2220 4f52
2022 4f55 5422 2054 4f20 4c45 4156 4520
5448 4520 5049 542e 7371 007e 0005 3f40
0000 0000 000c 7708 0000 0010 0000 0001
7100 7e00 0871 007e 000b 7800 7371 007e
0000 0000 005a 0000 0000 0000 0001 7400
3159 4f55 2048 4156 4520 434c 494d 4245
4420 5550 2054 4845 2050 4c41 4e54 2041
4e44 204f 5554 204f 4620 5448 4520 5049
542e 7371 007e 0005 3f40 0000 0000 000c
7708 0000 0010 0000 0001 7100 7e00 0871
007e 000b 7800 7371 007e 0000 0000 005b
0000 0000 0000 0001 7400 a959 4f55 2041
5245 2041 5420 5448 4520 544f 5020 4f46
2041 2053 5445 4550 2049 4e43 4c49 4e45
2041 424f 5645 2041 204c 4152 4745 2052
4f4f 4d2e 2059 4f55 2043 4f55 4c44 2043
4c49 4d42 2044 4f57 4e20 4845 5245 2c20
4255 5420 594f 5520 574f 554c 4420 4e4f
5420 4245 2041 424c 4520 544f 2043 4c49
4d42 2055 502e 2054 4845 5245 2049 5320
4120 5041 5353 4147 4520 4c45 4144 494e
4720 4241 434b 2054 4f20 5448 4520 4e4f
5254 482e 7371 007e 0005 3f40 0000 0000
000c 7708 0000 0010 0000 0003 7400 014e
7371 007e 0009 0000 005f 7400 0144 7100
7e01 f371 007e 0008 7100 7e00 0b78 0073
7100 7e00 0000 0000 5c00 0000 0000 0000
0174 00cb 594f 5520 4152 4520 494e 2054
4845 2047 4941 4e54 2052 4f4f 4d2e 2054
4845 2043 4549 4c49 4e47 2048 4552 4520
4953 2054 4f4f 2048 4947 4820 5550 2046
4f52 2059 4f55 5220 4c41 4d50 2054 4f20
5348 4f57 2049 542e 2043 4156 4552 4e4f
5553 2050 4153 5341 4745 5320 4c45 4144
2045 4153 542c 204e 4f52 5448 2c20 414e
4420 534f 5554 482e 204f 4e20 5448 4520
5745 5354 2057 414c 4c20 4953 2053 4352
4157 4c45 4420 5448 4520 494e 5343 5249
5054 494f 4e2c 2022 4645 4520 4649 4520
464f 4520 464f 4f22 205b 5349 435d 2e73
7100 7e00 053f 4000 0000 0000 0c77 0800
0000 1000 0000 0474 0001 5373 7100 7e00
0900 0000 5874 0001 4573 7100 7e00 0900
0000 5d74 0001 4e73 7100 7e00 0900 0000
5e71 007e 0008 7100 7e00 0b78 0073 7100
7e00 0000 0000 5d00 0000 0000 0000 0174
0030 5448 4520 5041 5353 4147 4520 4845
5245 2049 5320 424c 4f43 4b45 4420 4259
2041 2052 4543 454e 5420 4341 5645 2d49
4e2e 7371 007e 0005 3f40 0000 0000 000c
7708 0000 0010 0000 0002 7400 0153 7100
7e02 4671 007e 0008 7100 7e00 0b78 0073
7100 7e00 0000 0000 5e00 0000 0000 0000
0174 0035 594f 5520 4152 4520 4154 204f
4e45 2045 4e44 204f 4620 414e 2049 4d4d
454e 5345 204e 4f52 5448 2f53 4f55 5448
2050 4153 5341 4745 2e73 7100 7e00 053f
4000 0000 0000 0c77 0800 0000 1000 0000
0274 0001 5371 007e 0246 7100 7e00 0871
007e 000b 7800 7371 007e 0000 0000 005f
0000 0000 0000 0001 7400 cc59 4f55 2041
5245 2049 4e20 4120 4d41 474e 4946 4943
454e 5420 4341 5645 524e 2057 4954 4820
4120 5255 5348 494e 4720 5354 5245 414d
2c20 5748 4943 4820 4341 5343 4144 4553
204f 5645 5220 4120 5350 4152 4b4c 494e
4720 5741 5445 5246 414c 4c20 494e 544f
2041 2052 4f41 5249 4e47 2057 4849 524c
504f 4f4c 2057 4849 4348 2044 4953 4150
5045 4152 5320 5448 524f 5547 4820 4120
484f 4c45 2049 4e20 5448 4520 464c 4f4f
522e 2050 4153 5341 4745 5320 4558 4954
2054 4f20 5448 4520 534f 5554 4820 414e
4420 5745 5354 2e73 7100 7e00 053f 4000
0000 0000 0c77 0800 0000 1000 0000 0374
0001 5371 007e 025b 7400 0157 7371 007e
0009 0000 005b 7100 7e00 0871 007e 000b
7800 7371 007e 0000 0000 0060 0000 0000
0000 0001 7400 8159 4f55 2041 5245 2049
4e20 5448 4520 534f 4654 2052 4f4f 4d2e
2054 4845 2057 414c 4c53 2041 5245 2043
4f56 4552 4544 2057 4954 4820 4845 4156
5920 4355 5254 4149 4e53 2c20 5448 4520
464c 4f4f 5220 5749 5448 2041 2054 4849
434b 2050 494c 4520 4341 5250 4554 2e20
4d4f 5353 2043 4f56 4552 5320 5448 4520
4345 494c 494e 472e 7371 007e 0005 3f40
0000 0000 000c 7708 0000 0010 0000 0002
7400 0157 7100 7e01 b571 007e 0008 7100
7e00 0b78 0073 7100 7e00 0000 0000 6100
0000 0000 0000 0174 00c0 5448 4953 2049
5320 5448 4520 4f52 4945 4e54 414c 2052
4f4f 4d2e 2041 4e43 4945 4e54 204f 5249
454e 5441 4c20 4341 5645 2044 5241 5749
4e47 5320 434f 5645 5220 5448 4520 5741
4c4c 532e 2041 2047 454e 544c 5920 534c
4f50 494e 4720 5041 5353 4147 4520 4c45
4144 5320 5550 5741 5244 2054 4f20 5448
4520 4e4f 5254 482c 2041 4e4f 5448 4552
2050 4153 5341 4745 204c 4541 4453 2053
452c 2041 4e44 2041 2048 414e 4453 2041
4e44 204b 4e45 4553 2043 5241 574c 204c
4541 4453 2057 4553 542e 7371 007e 0005
3f40 0000 0000 000c 7708 0000 0010 0000
0005 7400 0253 4571 007e 01b5 7400 0157
7100 7e01 f374 0001 5573 7100 7e00 0900
0000 6274 0001 4e71 007e 0274 7100 7e00
0871 007e 000b 7800 7371 007e 0000 0000
0062 0000 0000 0000 0001 7400 ee59 4f55
2041 5245 2046 4f4c 4c4f 5749 4e47 2041
2057 4944 4520 5041 5448 2041 524f 554e
4420 5448 4520 4f55 5445 5220 4544 4745
204f 4620 4120 4c41 5247 4520 4341 5645
524e 2e20 4641 5220 4245 4c4f 572c 2054
4852 4f55 4748 2041 2048 4541 5659 2057
4849 5445 204d 4953 542c 2053 5452 414e
4745 2053 504c 4153 4849 4e47 204e 4f49
5345 5320 4341 4e20 4245 2048 4541 5244
2e20 5448 4520 4d49 5354 2052 4953 4553
2055 5020 5448 524f 5547 4820 4120 4649
5353 5552 4520 494e 2054 4845 2043 4549
4c49 4e47 2e20 5448 4520 5041 5448 2045
5849 5453 2054 4f20 5448 4520 534f 5554
4820 414e 4420 5745 5354 2e73 7100 7e00
053f 4000 0000 0000 0c77 0800 0000 1000
0000 0374 0001 5371 007e 01ee 7400 0157
7371 007e 0009 0000 0063 7100 7e00 0871
007e 000b 7800 7371 007e 0000 0000 0063
0000 0000 0000 0001 7400 c359 4f55 2041
5245 2049 4e20 414e 2041 4c43 4f56 452e
2041 2053 4d41 4c4c 204e 5720 5041 5448
2053 4545 4d53 2054 4f20 5749 4445 4e20
4146 5445 5220 4120 5348 4f52 5420 4449
5354 414e 4345 2e20 414e 2045 5854 5245
4d45 4c59 2054 4947 4854 2054 554e 4e45
4c20 4c45 4144 5320 4541 5354 2e20 4954
204c 4f4f 4b53 204c 494b 4520 4120 5645
5259 2054 4947 4854 2053 5155 4545 5a45
2e20 414e 2045 4552 4945 204c 4947 4854
2043 414e 2042 4520 5345 454e 2041 5420
5448 4520 4f54 4845 5220 454e 442e 7371
007e 0005 3f40 0000 0000 000c 7708 0000
0010 0000 0003 7400 024e 5771 007e 0274
7400 0145 7371 007e 0009 0000 0064 7100
7e00 0871 007e 000b 7800 7371 007e 0000
0000 0064 0000 0000 0000 0001 7400 7f59
4f55 2041 5245 2049 4e20 4120 534d 414c
4c20 4348 414d 4245 5220 4c49 5420 4259
2041 4e20 4545 5249 4520 4752 4545 4e20
4c49 4748 542e 2041 4e20 4558 5452 454d
454c 5920 4e41 5252 4f57 2054 554e 4e45
4c20 4558 4954 5320 544f 2054 4845 2057
4553 542e 2041 2044 4152 4b20 434f 5252
4944 4f52 204c 4541 4453 204e 452e 7371
007e 0005 3f40 0000 0000 000c 7708 0000
0010 0000 0003 7400 0157 7100 7e02 7b74
0002 4e45 7371 007e 0009 0000 0065 7100
7e00 0871 007e 000b 7800 7371 007e 0000
0000 0065 0000 0000 0000 0001 7400 4459
4f55 2041 5245 2049 4e20 5448 4520 4441
524b 2d52 4f4f 4d2e 2041 2043 4f52 5249
444f 5220 4c45 4144 494e 4720 534f 5554
4820 4953 2054 4845 204f 4e4c 5920 4558
4954 2e73 7100 7e00 053f 4000 0000 0000
0c77 0800 0000 1000 0000 0274 0001 5371
007e 0281 7100 7e00 0871 007e 000b 7800
7371 007e 0000 0000 0066 0000 0000 0000
0001 7400 8b59 4f55 2041 5245 2049 4e20
414e 2041 5243 4845 4420 4841 4c4c 2e20
4120 434f 5241 4c20 5041 5353 4147 4520
4f4e 4345 2043 4f4e 5449 4e55 4544 2055
5020 414e 4420 4541 5354 2046 524f 4d20
4845 5245 2c20 4255 5420 4953 204e 4f57
2042 4c4f 434b 4544 2042 5920 4445 4252
4953 2e20 5448 4520 4149 5220 534d 454c
4c53 204f 4620 5345 4120 5741 5445 522e
7371 007e 0005 3f40 0000 0000 000c 7708
0000 0010 0000 0002 7400 0144 7100 7e01
ad71 007e 0008 7100 7e00 0b78 0073 7100
7e00 0000 0000 6700 0000 0000 0000 0174
0101 594f 5520 4152 4520 494e 2041 204c
4152 4745 2052 4f4f 4d20 4341 5256 4544
204f 5554 204f 4620 5345 4449 4d45 4e54
4152 5920 524f 434b 2e20 5448 4520 464c
4f4f 5220 414e 4420 5741 4c4c 5320 4152
4520 4c49 5454 4552 4544 2057 4954 4820
4249 5453 204f 4620 5348 454c 4c53 2049
4d42 4544 4445 4420 494e 2054 4845 2053
544f 4e45 2e20 4120 5348 414c 4c4f 5720
5041 5353 4147 4520 5052 4f43 4545 4453
2044 4f57 4e57 4152 442c 2041 4e44 2041
2053 4f4d 4557 4841 5420 5354 4545 5045
5220 4f4e 4520 4c45 4144 5355 502e 2041
204c 4f57 2048 414e 4453 2041 4e44 204b
4e45 4553 2050 4153 5341 4745 2045 4e54
4552 5320 4652 4f4d 2054 4845 2053 4f55
5448 2e73 7100 7e00 053f 4000 0000 0000
0c77 0800 0000 1000 0000 0474 0001 5573
7100 7e00 0900 0000 6674 0001 4473 7100
7e00 0900 0000 6874 0001 5371 007e 00fb
7100 7e00 0871 007e 000b 7800 7371 007e
0000 0000 0068 0000 0000 0000 0001 7400
3b59 4f55 2041 5245 2049 4e20 4120 4c4f
4e47 2053 4c4f 5049 4e47 2043 4f52 5249
444f 5220 5749 5448 2052 4147 4745 4420
5348 4152 5020 5741 4c4c 532e 7371 007e
0005 3f40 0000 0000 000c 7708 0000 0010
0000 0003 7400 0155 7100 7e01 ad74 0001
4473 7100 7e00 0900 0000 6971 007e 0008
7100 7e00 0b78 0073 7100 7e00 0000 0000
6900 0000 0000 0000 0174 0030 594f 5520
4152 4520 494e 2041 2043 554c 2d44 452d
5341 4320 4142 4f55 5420 4549 4748 5420
4645 4554 2041 4352 4f53 532e 7371 007e
0005 3f40 0000 0000 000c 7708 0000 0010
0000 0002 7400 0155 7100 7e02 9671 007e
0008 7100 7e00 0b78 0073 7100 7e00 0000
0000 6a00 0000 0000 0000 0174 0102 594f
5520 4152 4520 494e 2041 4e20 414e 5445
524f 4f4d 204c 4541 4449 4e47 2054 4f20
4120 4c41 5247 4520 5041 5353 4147 4520
544f 2054 4845 2045 4153 542e 2053 4d41
4c4c 2050 4153 5341 4745 5320 474f 2057
4553 5420 414e 4420 5550 2e20 5448 4520
5245 4d4e 414e 5453 204f 4620 5245 4345
4e54 2044 4947 4749 4e47 2041 5245 2045
5649 4445 4e54 2e20 4120 5349 474e 2049
4e20 4d49 4441 4952 2048 4552 4520 5341
5953 2022 4341 5645 2055 4e44 4552 2043
4f4e 5354 5255 4354 494f 4e20 4245 594f
4e44 2054 4849 5320 504f 494e 542e 2050
524f 4345 4544 2041 5420 4f57 4e20 5249
534b 2e20 5b57 4954 5420 434f 4e53 5452
5543 5449 4f4e 2043 4f4d 5041 4e59 5d22
7371 007e 0005 3f40 0000 0000 000c 7708
0000 0010 0000 0004 7400 0155 7100 7e00
fb74 0001 5771 007e 01ab 7400 0145 7371
007e 0009 0000 006c 7100 7e00 0871 007e
000b 7800 7371 007e 0000 0000 006b 0000
0000 0000 0001 7400 3b59 4f55 2041 5245
2049 4e20 4120 4d41 5a45 204f 4620 5457
4953 5459 204c 4954 544c 4520 5041 5353
4147 4553 2c20 414c 4c20 4449 4646 4552
454e 542e 7371 007e 0005 3f40 0000 0000
000c 7708 0000 0010 0000 000b 7400 0153
7371 007e 0009 0000 0083 7400 0253 5773
7100 7e00 0900 0000 8474 0002 4e45 7371
007e 0009 0000 0085 7400 0253 4573 7100
7e00 0900 0000 8674 0001 5573 7100 7e00
0900 0000 8774 0002 4e57 7371 007e 0009
0000 0088 7400 0145 7371 007e 0009 0000
0089 7400 0157 7371 007e 0009 0000 008a
7400 014e 7371 007e 0009 0000 008b 7400
0144 7100 7e01 9171 007e 0008 7100 7e00
0b78 0073 7100 7e00 0000 0000 6c00 0000
0000 0000 0174 003d 594f 5520 4152 4520
4154 2057 4954 5427 5320 454e 442e 2050
4153 5341 4745 5320 4c45 4144 204f 4646
2049 4e20 2a41 4c4c 2a20 4449 5245 4354
494f 4e53 2e73 7100 7e00 053f 4000 0000
0000 0c77 0800 0000 1000 0000 0274 0001
4571 007e 01af 7100 7e00 0871 007e 000b
7800 7371 007e 0000 0000 006d 0000 0000
0000 0001 7401 cf59 4f55 2041 5245 2049
4e20 4120 4e4f 5254 482f 534f 5554 4820
4341 4e59 4f4e 2041 424f 5554 2032 3520
4645 4554 2041 4352 4f53 532e 2054 4845
2046 4c4f 4f52 2049 5320 434f 5645 5245
4420 4259 2057 4849 5445 204d 4953 5420
5345 4550 494e 4720 494e 2046 524f 4d20
5448 4520 4e4f 5254 482e 2054 4845 2057
414c 4c53 2045 5854 454e 4420 5550 5741
5244 2046 4f52 2057 454c 4c20 4f56 4552
2031 3030 2046 4545 542e 2053 5553 5045
4e44 4544 2046 524f 4d20 534f 4d45 2055
4e53 4545 4e20 504f 494e 5420 4641 5220
4142 4f56 4520 594f 552c 2041 4e20 454e
4f52 4d4f 5553 2054 574f 2d53 4944 4544
204d 4952 524f 5220 4953 2048 414e 4749
4e47 2050 4152 414c 4c45 4c20 544f 2041
4e44 204d 4944 5741 5920 4245 5457 4545
4e20 5448 4520 4341 4e59 4f4e 2057 414c
4c53 2e20 2854 4845 204d 4952 524f 5220
4953 204f 4256 494f 5553 4c59 2050 524f
5649 4445 4420 464f 5220 5448 4520 5553
4520 4f46 2054 4845 2044 5741 5256 4553
2c20 5748 4f20 4153 2059 4f55 204b 4e4f
572c 2041 5245 2045 5854 5245 4d45 4c59
2056 4149 4e2e 2920 4120 534d 414c 4c20
5749 4e44 4f57 2043 414e 2042 4520 5345
454e 2049 4e20 4549 5448 4552 2057 414c
4c2c 2053 4f4d 4520 4649 4654 5920 4645
4554 2055 502e 7371 007e 0005 3f40 0000
0000 000c 7708 0000 0010 0000 0003 7400
0153 7100 7e01 cd74 0001 4e73 7100 7e00
0900 0000 7171 007e 0008 7100 7e00 0b78
0073 7100 7e00 0000 0000 6e00 0000 0000
0000 0174 01d2 594f 5520 4152 4520 4154
2041 204c 4f57 2057 494e 444f 5720 4f56
4552 4c4f 4f4b 494e 4720 4120 4855 4745
2050 4954 2c20 5748 4943 4820 4558 5445
4e44 5320 5550 204f 5554 204f 4620 5349
4748 542e 2041 2046 4c4f 4f52 2049 5320
494e 4449 5354 494e 4354 4c59 2056 4953
4942 4c45 204f 5645 5220 3530 2046 4545
5420 4245 4c4f 572e 2054 5241 4345 5320
4f46 2057 4849 5445 204d 4953 5420 434f
5645 5220 5448 4520 464c 4f4f 5220 4f46
2054 4845 2050 4954 2c20 4245 434f 4d49
4e47 2054 4849 434b 4552 2054 4f20 5448
4520 4c45 4654 2e20 4d41 524b 5320 494e
2054 4845 2044 5553 5420 4152 4f55 4e44
2054 4845 2057 494e 444f 5720 574f 554c
4420 5345 454d 2054 4f20 494e 4449 4341
5445 2054 4841 5420 534f 4d45 4f4e 4520
4841 5320 4245 454e 2048 4552 4520 5245
4345 4e54 4c59 2e20 4449 5245 4354 4c59
2041 4352 4f53 5320 5448 4520 5049 5420
4652 4f4d 2059 4f55 2041 4e44 2032 3520
4645 4554 2041 5741 5920 5448 4552 4520
4953 2041 2053 494d 494c 4152 2057 494e
444f 5720 4c4f 4f4b 494e 4720 494e 544f
2041 204c 4947 4854 4544 2052 4f4f 4d2e
2041 2053 4841 444f 5759 2046 4947 5552
4520 4341 4e20 4245 2053 4545 4e20 5448
4552 4520 5045 4552 494e 4720 4241 434b
2041 5420 594f 552e 7371 007e 0005 3f40
0000 0000 000c 7708 0000 0010 0000 0002
7400 0157 7100 7e01 b871 007e 0008 7100
7e00 0b78 0073 7100 7e00 0000 0000 6f00
0000 0000 0000 0174 00c9 4120 4c41 5247
4520 5354 414c 4143 5449 5445 2045 5854
454e 4453 2046 524f 4d20 5448 4520 524f
4f46 2041 4e44 2041 4c4d 4f53 5420 5245
4143 4845 5320 5448 4520 464c 4f4f 5220
4245 4c4f 572e 2059 4f55 2043 4f55 4c44
2043 4c49 4d42 2044 4f57 4e20 4954 2c20
414e 4420 4a55 4d50 2046 524f 4d20 4954
2054 4f20 5448 4520 464c 4f4f 522c 2042
5554 2048 4156 494e 4720 444f 4e45 2053
4f20 594f 5520 574f 554c 4420 4245 2055
4e41 424c 4520 544f 2052 4541 4348 2049
5420 544f 2043 4c49 4d42 2042 4143 4b20
5550 2e73 7100 7e00 053f 4000 0000 0000
0c77 0800 0000 1000 0000 0374 0001 4e71
007e 01e3 7400 0144 7100 7e01 1371 007e
0008 7100 7e00 0b78 0073 7100 7e00 0000
0000 7000 0000 0000 0000 0174 003d 594f
5520 4152 4520 494e 2041 204c 4954 544c
4520 4d41 5a45 204f 4620 5457 4953 5449
4e47 2050 4153 5341 4745 532c 2041 4c4c
2044 4946 4645 5245 4e54 2e73 7100 7e00
053f 4000 0000 0000 0c77 0800 0000 1000
0000 0b74 0002 5357 7371 007e 0009 0000
0083 7400 014e 7371 007e 0009 0000 0084
7400 0145 7371 007e 0009 0000 0085 7400
024e 5773 7100 7e00 0900 0000 8674 0002
5345 7371 007e 0009 0000 0087 7400 024e
4573 7100 7e00 0900 0000 8874 0001 5773
7100 7e00 0900 0000 8974 0001 4473 7100
7e00 0900 0000 8a74 0001 5573 7100 7e00
0900 0000 8b74 0001 5373 7100 7e00 0900
0000 8c71 007e 0008 7100 7e00 0b78 0073
7100 7e00 0000 0000 7100 0000 0000 0000
0174 0144 594f 5520 4152 4520 4154 2054
4845 2045 4447 4520 4f46 2041 204c 4152
4745 2055 4e44 4552 4752 4f55 4e44 2052
4553 4552 564f 4952 2e20 414e 204f 5041
5155 4520 434c 4f55 4420 4f46 2057 4849
5445 204d 4953 5420 4649 4c4c 5320 5448
4520 524f 4f4d 2041 4e44 2052 4953 4553
2052 4150 4944 4c59 2055 5057 4152 442e
2054 4845 204c 414b 4520 4953 2046 4544
2042 5920 4120 5354 5245 414d 2c20 5748
4943 4820 5455 4d42 4c45 5320 4f55 5420
4f46 2041 2048 4f4c 4520 494e 2054 4845
2057 414c 4c20 4142 4f55 5420 3130 2046
4545 5420 4f56 4552 4845 4144 2041 4e44
2053 504c 4153 4845 5320 4e4f 4953 494c
5920 494e 544f 2054 4845 2057 4154 4552
2053 4f4d 4557 4845 5245 2057 4954 4849
4e20 5448 4520 4d49 5354 2e20 5448 4520
4f4e 4c59 2050 4153 5341 4745 2047 4f45
5320 4241 434b 2054 4f57 4152 4420 5448
4520 534f 5554 482e 7371 007e 0005 3f40
0000 0000 000c 7708 0000 0010 0000 0002
7400 0153 7100 7e01 d671 007e 0008 7100
7e00 0b78 0073 7100 7e00 0000 0000 7200
0000 0000 0000 0174 0008 4445 4144 2045
4e44 7371 007e 0005 3f40 0000 0000 000c
7708 0000 0010 0000 0002 7400 0253 4571
007e 0183 7100 7e00 0871 007e 000b 7800
7371 007e 0000 0000 0073 0000 0000 0000
0001 7402 de59 4f55 2041 5245 2041 5420
5448 4520 4e4f 5254 4845 4153 5420 454e
4420 4f46 2041 4e20 494d 4d45 4e53 4520
524f 4f4d 2c20 4556 454e 204c 4152 4745
5220 5448 414e 2054 4845 2047 4941 4e54
2052 4f4f 4d2e 2049 5420 4150 5045 4152
5320 544f 2042 4520 4120 5245 504f 5349
544f 5259 2046 4f52 2054 4845 2022 4144
5645 4e54 5552 4522 2050 524f 4752 414d
2e20 4d41 5353 4956 4520 544f 5243 4845
5320 4641 5220 4f56 4552 4845 4144 2042
4154 4845 2054 4845 2052 4f4f 4d20 5749
5448 2053 4d4f 4b59 2059 454c 4c4f 5720
4c49 4748 542e 2053 4341 5454 4552 4544
2041 424f 5554 2059 4f55 2043 414e 2042
4520 5345 454e 2041 2050 494c 4520 4f46
2042 4f54 544c 4553 2028 414c 4c20 4f46
2054 4845 4d20 454d 5054 5929 2c20 4120
4e55 5253 4552 5920 4f46 2059 4f55 4e47
2042 4541 4e53 5441 4c4b 5320 4d55 524d
5552 494e 4720 5155 4945 544c 592c 2041
2042 4544 204f 4620 4f59 5354 4552 532c
2041 2042 554e 444c 4520 4f46 2042 4c41
434b 2052 4f44 5320 5749 5448 2052 5553
5459 2053 5441 5253 204f 4e20 5448 4549
5220 454e 4453 2c20 414e 4420 4120 434f
4c4c 4543 5449 4f4e 204f 4620 4252 4153
5320 4c41 4e54 4552 4e53 2e20 4f46 4620
544f 204f 4e45 2053 4944 4520 4120 4752
4541 5420 4d41 4e59 2044 5741 5256 4553
2041 5245 2053 4c45 4550 494e 4720 4f4e
2054 4845 2046 4c4f 4f52 2c20 534e 4f52
494e 4720 4c4f 5544 4c59 2e20 4120 5349
474e 204e 4541 5242 5920 5245 4144 533a
2022 444f 204e 4f54 2044 4953 5455 5242
2054 4845 2044 5741 5256 4553 2122 2041
4e20 494d 4d45 4e53 4520 4d49 5252 4f52
2049 5320 4841 4e47 494e 4720 4147 4149
4e53 5420 4f4e 4520 5741 4c4c 2c20 414e
4420 5354 5245 5443 4845 5320 544f 2054
4845 204f 5448 4552 2045 4e44 204f 4620
5448 4520 524f 4f4d 2c20 5748 4552 4520
5641 5249 4f55 5320 4f54 4845 5220 5355
4e44 5259 204f 424a 4543 5453 2043 414e
2042 4520 474c 494d 5053 4544 2044 494d
4c59 2049 4e20 5448 4520 4449 5354 414e
4345 2e73 7100 7e00 053f 4000 0000 0000
0c77 0800 0000 1000 0000 0274 0002 5357
7371 007e 0009 0000 0074 7100 7e00 0871
007e 000b 7800 7371 007e 0000 0000 0074
0000 0000 0000 0001 7401 eb59 4f55 2041
5245 2041 5420 5448 4520 534f 5554 4857
4553 5420 454e 4420 4f46 2054 4845 2052
4550 4f53 4954 4f52 592e 2054 4f20 4f4e
4520 5349 4445 2049 5320 4120 5049 5420
4655 4c4c 204f 4620 4649 4552 4345 2047
5245 454e 2053 4e41 4b45 532e 204f 4e20
5448 4520 4f54 4845 5220 5349 4445 2049
5320 4120 524f 5720 4f46 2053 4d41 4c4c
2057 4943 4b45 5220 4341 4745 532c 2045
4143 4820 4f46 2057 4849 4348 2043 4f4e
5441 494e 5320 4120 4c49 5454 4c45 2053
554c 4b49 4e47 2042 4952 442e 2049 4e20
4f4e 4520 434f 524e 4552 2049 5320 4120
4255 4e44 4c45 204f 4620 424c 4143 4b20
524f 4453 2057 4954 4820 5255 5354 5920
4d41 524b 5320 4f4e 2054 4845 4952 2045
4e44 532e 2041 204c 4152 4745 204e 554d
4245 5220 4f46 2056 454c 5645 5420 5049
4c4c 4f57 5320 4152 4520 5343 4154 5445
5245 4420 4142 4f55 5420 4f4e 2054 4845
2046 4c4f 4f52 2e20 4120 5641 5354 204d
4952 524f 5220 5354 5245 5443 4845 5320
4f46 4620 544f 2054 4845 204e 4f52 5448
4541 5354 2e20 4154 2059 4f55 5220 4645
4554 2049 5320 4120 4c41 5247 4520 5354
4545 4c20 4752 4154 452c 204e 4558 5420
544f 2057 4849 4348 2049 5320 4120 5349
474e 2057 4849 4348 2052 4541 4453 2c20
2254 5245 4153 5552 4520 5641 554c 542e
204b 4559 5320 494e 204d 4149 4e20 4f46
4649 4345 2e22 7371 007e 0005 3f40 0000
0000 000c 7708 0000 0010 0000 0002 7400
024e 4573 7100 7e00 0900 0000 7371 007e
0008 7100 7e00 0b78 0073 7100 7e00 0000
0000 7500 0000 0000 0000 0174 00b3 594f
5520 4152 4520 4f4e 204f 4e45 2053 4944
4520 4f46 2041 204c 4152 4745 2c20 4445
4550 2043 4841 534d 2e20 4120 4845 4156
5920 5748 4954 4520 4d49 5354 2052 4953
494e 4720 5550 2046 524f 4d20 4245 4c4f
5720 4f42 5343 5552 4553 2041 4c4c 2056
4945 5720 4f46 2054 4845 2046 4152 2053
4944 452e 2041 2053 5720 5041 5448 204c
4541 4453 2041 5741 5920 4652 4f4d 2054
4845 2043 4841 534d 2049 4e54 4f20 4120
5749 4e44 494e 4720 434f 5252 4944 4f52
2e73 7100 7e00 053f 4000 0000 0000 0c77
0800 0000 1000 0000 0274 0002 5357 7100
7e01 ea71 007e 0008 7100 7e00 0b78 0073
7100 7e00 0000 0000 7600 0000 0000 0000
0174 004b 594f 5520 4152 4520 494e 2041
204c 4f4e 4720 5749 4e44 494e 4720 434f
5252 4944 4f52 2053 4c4f 5049 4e47 204f
5554 204f 4620 5349 4748 5420 494e 2042
4f54 4820 4449 5245 4354 494f 4e53 2e73
7100 7e00 053f 4000 0000 0000 0c77 0800
0000 1000 0000 0374 0001 4471 007e 01f3
7400 0155 7371 007e 0009 0000 0075 7100
7e00 0871 007e 000b 7800 7371 007e 0000
0000 0077 0000 0000 0000 0001 7400 3d59
4f55 2041 5245 2049 4e20 4120 5345 4352
4554 2043 414e 594f 4e20 5748 4943 4820
4558 4954 5320 544f 2054 4845 204e 4f52
5448 2041 4e44 2045 4153 542e 7371 007e
0005 3f40 0000 0000 000c 7708 0000 0010
0000 0002 7400 014e 7100 7e01 cd71 007e
0008 7100 7e00 0b78 0073 7100 7e00 0000
0000 7800 0000 0000 0000 0174 003d 594f
5520 4152 4520 494e 2041 2053 4543 5245
5420 4341 4e59 4f4e 2057 4849 4348 2045
5849 5453 2054 4f20 5448 4520 4e4f 5254
4820 414e 4420 4541 5354 2e73 7100 7e00
053f 4000 0000 0000 0c77 0800 0000 1000
0000 0374 0001 4e71 007e 01cd 7400 0145
7371 007e 0009 0000 004a 7100 7e00 0871
007e 000b 7800 7371 007e 0000 0000 0079
0000 0000 0000 0001 7400 3d59 4f55 2041
5245 2049 4e20 4120 5345 4352 4554 2043
414e 594f 4e20 5748 4943 4820 4558 4954
5320 544f 2054 4845 204e 4f52 5448 2041
4e44 2045 4153 542e 7371 007e 0005 3f40
0000 0000 000c 7708 0000 0010 0000 0002
7400 0145 7100 7e03 0e71 007e 0008 7100
7e00 0b78 0073 7100 7e00 0000 0000 7a00
0000 0000 0000 0174 0057 594f 5520 4152
4520 4f4e 2054 4845 2046 4152 2053 4944
4520 4f46 2054 4845 2043 4841 534d 2e20
4120 4e45 2050 4154 4820 4c45 4144 5320
4157 4159 2046 524f 4d20 5448 4520 4348
4153 4d20 4f4e 2054 4849 5320 5349 4445
2e73 7100 7e00 053f 4000 0000 0000 0c77
0800 0000 1000 0000 0274 0002 4e45 7371
007e 0009 0000 007b 7100 7e00 0871 007e
000b 7800 7371 007e 0000 0000 007b 0000
0000 0000 0001 7400 5a59 4f55 2041 5245
2049 4e20 4120 4c4f 4e47 2045 4153 542f
5745 5354 2043 4f52 5249 444f 522e 2041
2046 4149 4e54 2052 554d 424c 494e 4720
4e4f 4953 4520 4341 4e20 4245 2048 4541
5244 2049 4e20 5448 4520 4449 5354 414e
4345 2e73 7100 7e00 053f 4000 0000 0000
0c77 0800 0000 1000 0000 0374 0001 5773
7100 7e00 0900 0000 7a74 0001 4573 7100
7e00 0900 0000 7c71 007e 0008 7100 7e00
0b78 0073 7100 7e00 0000 0000 7c00 0000
0000 0000 0174 00c6 5448 4520 5041 5448
2046 4f52 4b53 2048 4552 452e 2054 4845
204c 4546 5420 464f 524b 204c 4541 4453
204e 4f52 5448 4541 5354 2e20 4120 4455
4c4c 2052 554d 424c 494e 4720 5345 454d
5320 544f 2047 4554 204c 4f55 4445 5220
494e 2054 4841 5420 4449 5245 4354 494f
4e2e 2054 4845 2052 4947 4854 2046 4f52
4b20 4c45 4144 5320 534f 5554 4845 4153
5420 444f 574e 2041 2047 454e 544c 4520
534c 4f50 452e 2054 4845 204d 4149 4e20
434f 5252 4944 4f52 2045 4e54 4552 5320
4652 4f4d 2054 4845 2057 4553 542e 7371
007e 0005 3f40 0000 0000 000c 7708 0000
0010 0000 0005 7400 0157 7100 7e03 1774
0002 4e45 7371 007e 0009 0000 007d 7400
0253 4573 7100 7e00 0900 0000 8074 0001
4473 7100 7e00 0900 0000 8071 007e 0008
7100 7e00 0b78 0073 7100 7e00 0000 0000
7d00 0000 0000 0000 0174 00b5 5448 4520
5741 4c4c 5320 4152 4520 5155 4954 4520
5741 524d 2048 4552 452e 2046 524f 4d20
5448 4520 4e4f 5254 4820 4341 4e20 4245
2048 4541 5244 2041 2053 5445 4144 5920
524f 4152 2c20 534f 204c 4f55 4420 5448
4154 2054 4845 2045 4e54 4952 4520 4341
5645 2053 4545 4d53 2054 4f20 4245 2054
5245 4d42 4c49 4e47 2e20 414e 4f54 4845
5220 5041 5353 4147 4520 4c45 4144 5320
534f 5554 482c 2041 4e44 2041 204c 4f57
2043 5241 574c 2047 4f45 5320 4541 5354
2e73 7100 7e00 053f 4000 0000 0000 0c77
0800 0000 1000 0000 0474 0001 5371 007e
031e 7400 014e 7371 007e 0009 0000 007e
7400 0145 7371 007e 0009 0000 007f 7100
7e00 0871 007e 000b 7800 7371 007e 0000
0000 007e 0000 0000 0000 0001 7405 0259
4f55 2041 5245 204f 4e20 5448 4520 4544
4745 204f 4620 4120 4252 4541 5448 2d54
414b 494e 4720 5649 4557 2e20 4641 5220
4245 4c4f 5720 594f 5520 4953 2041 4e20
4143 5449 5645 2056 4f4c 4341 4e4f 2c20
4652 4f4d 2057 4849 4348 2047 5245 4154
2047 4f55 5453 204f 4620 4d4f 4c54 454e
204c 4156 4120 434f 4d45 2053 5552 4749
4e47 204f 5554 2c20 4341 5343 4144 494e
4720 4241 434b 2044 4f57 4e20 494e 544f
2054 4845 2044 4550 5448 532e 2054 4845
2047 4c4f 5749 4e47 2052 4f43 4b20 4649
4c4c 5320 5448 4520 4641 5254 4845 5354
2052 4541 4348 4553 204f 4620 5448 4520
4341 5645 524e 2057 4954 4820 4120 424c
4f4f 442d 5245 4420 474c 4152 452c 2047
4956 494e 4720 4556 4552 592d 2054 4849
4e47 2041 4e20 4545 5249 452c 204d 4143
4142 5245 2041 5050 4541 5241 4e43 452e
2054 4845 2041 4952 2049 5320 4649 4c4c
4544 2057 4954 4820 464c 4943 4b45 5249
4e47 2053 5041 524b 5320 4f46 2041 5348
2041 4e44 2041 2048 4541 5659 2053 4d45
4c4c 204f 4620 4252 494d 5354 4f4e 452e
2054 4845 2057 414c 4c53 2041 5245 2048
4f54 2054 4f20 5448 4520 544f 5543 482c
2041 4e44 2054 4845 2054 4855 4e44 4552
494e 4720 4f46 2054 4845 2056 4f4c 4341
4e4f 2044 524f 574e 5320 4f55 5420 414c
4c20 4f54 4845 5220 534f 554e 4453 2e20
454d 4245 4444 4544 2049 4e20 5448 4520
4a41 4747 4544 2052 4f4f 4620 4641 5220
4f56 4552 4845 4144 2041 5245 204d 5952
4941 4420 5457 4953 5445 4420 464f 524d
4154 494f 4e53 2043 4f4d 504f 5345 4420
4f46 2050 5552 4520 5748 4954 4520 414c
4142 4153 5445 522c 2057 4849 4348 2053
4341 5454 4552 2054 4845 204d 5552 4b59
204c 4947 4854 2049 4e54 4f20 5349 4e49
5354 4552 2041 5050 4152 4954 494f 4e53
2055 504f 4e20 5448 4520 5741 4c4c 532e
2054 4f20 4f4e 4520 5349 4445 2049 5320
4120 4445 4550 2047 4f52 4745 2c20 4649
4c4c 4544 2057 4954 4820 4120 4249 5a41
5252 4520 4348 414f 5320 4f46 2054 4f52
5455 5245 4420 524f 434b 2057 4849 4348
2053 4545 4d53 2054 4f20 4841 5645 2042
4545 4e20 4352 4146 5445 4420 4259 2054
4845 2044 4556 494c 2048 494d 5345 4c46
2e20 414e 2049 4d4d 454e 5345 2052 4956
4552 204f 4620 4649 5245 2043 5241 5348
4553 204f 5554 2046 524f 4d20 5448 4520
4445 5054 4853 204f 4620 5448 4520 564f
4c43 414e 4f2c 2042 5552 4e53 2049 5453
2057 4159 2054 4852 4f55 4748 2054 4845
2047 4f52 4745 2c20 414e 4420 504c 554d
4d45 5453 2049 4e54 4f20 4120 424f 5454
4f4d 4c45 5353 2050 4954 2046 4152 204f
4646 2054 4f20 594f 5552 204c 4546 542e
2054 4f20 5448 4520 5249 4748 542c 2041
4e20 494d 4d45 4e53 4520 4745 5953 4552
204f 4620 424c 4953 5445 5249 4e47 2053
5445 414d 2045 5255 5054 5320 434f 4e54
494e 554f 5553 4c59 2046 524f 4d20 4120
4241 5252 454e 2049 534c 414e 4420 494e
2054 4845 2043 454e 5445 5220 4f46 2041
2053 554c 4655 524f 5553 204c 414b 452c
2057 4849 4348 2042 5542 424c 4553 204f
4d49 4e4f 5553 4c59 2e20 5448 4520 4641
5220 5249 4748 5420 5741 4c4c 2049 5320
4146 4c41 4d45 2057 4954 4820 414e 2049
4e43 414e 4445 5343 454e 4345 204f 4620
4954 5320 4f57 4e2c 2057 4849 4348 204c
454e 4453 2041 4e20 4144 4449 5449 4f4e
414c 2049 4e46 4552 4e41 4c20 5350 4c45
4e44 4f52 2054 4f20 5448 4520 414c 5245
4144 5920 4845 4c4c 4953 4820 5343 454e
452e 2041 2044 4152 4b2c 2046 4f52 4542
4f44 494e 4720 5041 5353 4147 4520 4558
4954 5320 544f 2054 4845 2053 4f55 5448
2e73 7100 7e00 053f 4000 0000 0000 0c77
0800 0000 1000 0000 0274 0001 5371 007e
0324 7100 7e00 0871 007e 000b 7800 7371
007e 0000 0000 007f 0000 0000 0000 0001
7400 df59 4f55 2041 5245 2049 4e20 4120
534d 414c 4c20 4348 414d 4245 5220 4649
4c4c 4544 2057 4954 4820 4c41 5247 4520
424f 554c 4445 5253 2e20 5448 4520 5741
4c4c 5320 4152 4520 5645 5259 2057 4152
4d2c 2043 4155 5349 4e47 2054 4845 2041
4952 2049 4e20 5448 4520 524f 4f4d 2054
4f20 4245 2041 4c4d 4f53 5420 5354 4946
4c49 4e47 2046 524f 4d20 5448 4520 4845
4154 2e20 5448 4520 4f4e 4c59 2045 5849
5420 4953 2041 2043 5241 574c 2048 4541
4449 4e47 2057 4553 542c 2054 4852 4f55
4748 2057 4849 4348 2049 5320 434f 4d49
4e47 2041 204c 4f57 2052 554d 424c 494e
472e 7371 007e 0005 3f40 0000 0000 000c
7708 0000 0010 0000 0002 7400 0157 7100
7e03 2471 007e 0008 7100 7e00 0b78 0073
7100 7e00 0000 0000 8000 0000 0000 0000
0174 0068 594f 5520 4152 4520 5741 4c4b
494e 4720 414c 4f4e 4720 4120 4745 4e54
4c59 2053 4c4f 5049 4e47 204e 4f52 5448
2f53 4f55 5448 2050 4153 5341 4745 204c
494e 4544 2057 4954 4820 4f44 444c 5920
5348 4150 4544 204c 494d 4553 544f 4e45
2046 4f52 4d41 5449 4f4e 532e 7371 007e
0005 3f40 0000 0000 000c 7708 0000 0010
0000 0005 7400 014e 7100 7e03 1e74 0001
5571 007e 031e 7400 0153 7371 007e 0009
0000 0081 7400 0144 7371 007e 0009 0000
0081 7100 7e00 0871 007e 000b 7800 7371
007e 0000 0000 0081 0000 0000 0000 0001
7400 7a59 4f55 2041 5245 2053 5441 4e44
494e 4720 4154 2054 4845 2045 4e54 5241
4e43 4520 544f 2041 204c 4152 4745 2c20
4241 5252 454e 2052 4f4f 4d2e 2041 2053
4947 4e20 504f 5354 4544 2041 424f 5645
2054 4845 2045 4e54 5241 4e43 4520 5245
4144 533a 2022 4341 5554 494f 4e21 2042
4541 5220 494e 2052 4f4f 4d21 2273 7100
7e00 053f 4000 0000 0000 0c77 0800 0000
1000 0000 0474 0001 5773 7100 7e00 0900
0000 8074 0001 5573 7100 7e00 0900 0000
8074 0001 4573 7100 7e00 0900 0000 8271
007e 0008 7100 7e00 0b78 0073 7100 7e00
0000 0000 8200 0000 0000 0000 0174 00c0
594f 5520 4152 4520 494e 5349 4445 2041
2042 4152 5245 4e20 524f 4f4d 2e20 5448
4520 4345 4e54 4552 204f 4620 5448 4520
524f 4f4d 2049 5320 434f 4d50 4c45 5445
4c59 2045 4d50 5459 2045 5843 4550 5420
464f 5220 534f 4d45 2044 5553 542e 204d
4152 4b53 2049 4e20 5448 4520 4455 5354
204c 4541 4420 4157 4159 2054 4f57 4152
4420 5448 4520 4641 5220 454e 4420 4f46
2054 4845 2052 4f4f 4d2e 2054 4845 204f
4e4c 5920 4558 4954 2049 5320 5448 4520
5741 5920 594f 5520 4341 4d45 2049 4e2e
7371 007e 0005 3f40 0000 0000 000c 7708
0000 0010 0000 0002 7400 0157 7371 007e
0009 0000 0081 7100 7e00 0871 007e 000b
7800 7371 007e 0000 0000 0083 0000 0000
0000 0001 7400 3d59 4f55 2041 5245 2049
4e20 4120 4d41 5a45 204f 4620 5457 4953
5449 4e47 204c 4954 544c 4520 5041 5353
4147 4553 2c20 414c 4c20 4449 4646 4552
454e 542e 7371 007e 0005 3f40 0000 0000
000c 7708 0000 0010 0000 000b 7400 0157
7371 007e 0009 0000 006b 7400 0253 4573
7100 7e00 0900 0000 8474 0002 4e57 7371
007e 0009 0000 0085 7400 0253 5773 7100
7e00 0900 0000 8674 0002 4e45 7371 007e
0009 0000 0087 7400 0155 7371 007e 0009
0000 0088 7400 0144 7371 007e 0009 0000
0089 7400 014e 7371 007e 0009 0000 008a
7400 0153 7371 007e 0009 0000 008b 7400
0145 7371 007e 0009 0000 0070 7100 7e00
0871 007e 000b 7800 7371 007e 0000 0000
0084 0000 0000 0000 0001 7400 3b59 4f55
2041 5245 2049 4e20 4120 4c49 5454 4c45
204d 415a 4520 4f46 2054 5749 5354 5920
5041 5353 4147 4553 2c20 414c 4c20 4449
4646 4552 454e 542e 7371 007e 0005 3f40
0000 0000 000c 7708 0000 0010 0000 000b
7400 024e 5771 007e 0354 7400 0155 7371
007e 0009 0000 0083 7400 014e 7371 007e
0009 0000 0085 7400 0153 7371 007e 0009
0000 0086 7400 0157 7371 007e 0009 0000
0087 7400 0253 5773 7100 7e00 0900 0000
8874 0002 4e45 7371 007e 0009 0000 0089
7400 0145 7371 007e 0009 0000 008a 7400
0144 7371 007e 0009 0000 008b 7400 0253
4571 007e 0366 7100 7e00 0871 007e 000b
7800 7371 007e 0000 0000 0085 0000 0000
0000 0001 7400 3d59 4f55 2041 5245 2049
4e20 4120 5457 4953 5449 4e47 204d 415a
4520 4f46 204c 4954 544c 4520 5041 5353
4147 4553 2c20 414c 4c20 4449 4646 4552
454e 542e 7371 007e 0005 3f40 0000 0000
000c 7708 0000 0010 0000 000b 7400 0155
7100 7e03 5474 0001 4473 7100 7e00 0900
0000 8374 0001 5773 7100 7e00 0900 0000
8474 0002 4e45 7371 007e 0009 0000 0086
7400 0253 5773 7100 7e00 0900 0000 8774
0001 4573 7100 7e00 0900 0000 8874 0001
4e73 7100 7e00 0900 0000 8974 0002 4e57
7371 007e 0009 0000 008a 7400 0253 4573
7100 7e00 0900 0000 8b74 0001 5371 007e
0366 7100 7e00 0871 007e 000b 7800 7371
007e 0000 0000 0086 0000 0000 0000 0001
7400 3d59 4f55 2041 5245 2049 4e20 4120
5457 4953 5449 4e47 204c 4954 544c 4520
4d41 5a45 204f 4620 5041 5353 4147 4553
2c20 414c 4c20 4449 4646 4552 454e 542e
7371 007e 0005 3f40 0000 0000 000c 7708
0000 0010 0000 000b 7400 024e 4571 007e
0354 7400 014e 7371 007e 0009 0000 0083
7400 024e 5773 7100 7e00 0900 0000 8474
0002 5345 7371 007e 0009 0000 0085 7400
0145 7371 007e 0009 0000 0087 7400 0144
7371 007e 0009 0000 0088 7400 0153 7371
007e 0009 0000 0089 7400 0155 7371 007e
0009 0000 008a 7400 0157 7371 007e 0009
0000 008b 7400 0253 5771 007e 0366 7100
7e00 0871 007e 000b 7800 7371 007e 0000
0000 0087 0000 0000 0000 0001 7400 3b59
4f55 2041 5245 2049 4e20 4120 5457 4953
5459 204c 4954 544c 4520 4d41 5a45 204f
4620 5041 5353 4147 4553 2c20 414c 4c20
4449 4646 4552 454e 542e 7371 007e 0005
3f40 0000 0000 000c 7708 0000 0010 0000
000b 7400 014e 7100 7e03 5474 0002 5345
7371 007e 0009 0000 0083 7400 0144 7371
007e 0009 0000 0084 7400 0153 7371 007e
0009 0000 0085 7400 0145 7371 007e 0009
0000 0086 7400 0157 7371 007e 0009 0000
0088 7400 0253 5773 7100 7e00 0900 0000
8974 0002 4e45 7371 007e 0009 0000 008a
7400 024e 5773 7100 7e00 0900 0000 8b74
0001 5571 007e 0366 7100 7e00 0871 007e
000b 7800 7371 007e 0000 0000 0088 0000
0000 0000 0001 7400 3b59 4f55 2041 5245
2049 4e20 4120 5457 4953 5459 204d 415a
4520 4f46 204c 4954 544c 4520 5041 5353
4147 4553 2c20 414c 4c20 4449 4646 4552
454e 542e 7371 007e 0005 3f40 0000 0000
000c 7708 0000 0010 0000 000b 7400 0145
7100 7e03 5474 0001 5773 7100 7e00 0900
0000 8374 0001 5573 7100 7e00 0900 0000
8474 0002 5357 7371 007e 0009 0000 0085
7400 0144 7371 007e 0009 0000 0086 7400
0153 7371 007e 0009 0000 0087 7400 024e
5773 7100 7e00 0900 0000 8974 0002 5345
7371 007e 0009 0000 008a 7400 024e 4573
7100 7e00 0900 0000 8b74 0001 4e71 007e
0366 7100 7e00 0871 007e 000b 7800 7371
007e 0000 0000 0089 0000 0000 0000 0001
7400 3b59 4f55 2041 5245 2049 4e20 4120
4c49 5454 4c45 2054 5749 5354 5920 4d41
5a45 204f 4620 5041 5353 4147 4553 2c20
414c 4c20 4449 4646 4552 454e 542e 7371
007e 0005 3f40 0000 0000 000c 7708 0000
0010 0000 000b 7400 0253 4571 007e 0354
7400 024e 4573 7100 7e00 0900 0000 8374
0001 5373 7100 7e00 0900 0000 8474 0001
4473 7100 7e00 0900 0000 8574 0001 5573
7100 7e00 0900 0000 8674 0002 4e57 7371
007e 0009 0000 0087 7400 014e 7371 007e
0009 0000 0088 7400 0253 5773 7100 7e00
0900 0000 8a74 0001 4573 7100 7e00 0900
0000 8b74 0001 5771 007e 0366 7100 7e00
0871 007e 000b 7800 7371 007e 0000 0000
008a 0000 0000 0000 0001 7400 3d59 4f55
2041 5245 2049 4e20 4120 4d41 5a45 204f
4620 4c49 5454 4c45 2054 5749 5354 494e
4720 5041 5353 4147 4553 2c20 414c 4c20
4449 4646 4552 454e 542e 7371 007e 0005
3f40 0000 0000 000c 7708 0000 0010 0000
000b 7400 0144 7100 7e03 5474 0001 4573
7100 7e00 0900 0000 8374 0002 4e45 7371
007e 0009 0000 0084 7400 0155 7371 007e
0009 0000 0085 7400 0157 7371 007e 0009
0000 0086 7400 014e 7371 007e 0009 0000
0087 7400 0153 7371 007e 0009 0000 0088
7400 0253 4573 7100 7e00 0900 0000 8974
0002 5357 7371 007e 0009 0000 008b 7400
024e 5771 007e 0366 7100 7e00 0871 007e
000b 7800 7371 007e 0000 0000 008b 0000
0000 0000 0001 7400 3b59 4f55 2041 5245
2049 4e20 4120 4d41 5a45 204f 4620 4c49
5454 4c45 2054 5749 5354 5920 5041 5353
4147 4553 2c20 414c 4c20 4449 4646 4552
454e 542e 7371 007e 0005 3f40 0000 0000
000c 7708 0000 0010 0000 000b 7400 0253
5771 007e 0354 7400 024e 5773 7100 7e00
0900 0000 8374 0001 4573 7100 7e00 0900
0000 8474 0001 5773 7100 7e00 0900 0000
8574 0001 4e73 7100 7e00 0900 0000 8674
0001 4473 7100 7e00 0900 0000 8774 0002
5345 7371 007e 0009 0000 0088 7400 0155
7371 007e 0009 0000 0089 7400 0153 7371
007e 0009 0000 008a 7400 024e 4571 007e
0366 7100 7e00 0871 007e 000b 7800 7371
007e 0000 0000 008c 0000 0000 0000 0001
7400 0844 4541 4420 454e 4473 7100 7e00
053f 4000 0000 0000 0c77 0800 0000 1000
0000 0274 0001 4e71 007e 0366 7100 7e00
0871 007e 000b 7800